246293,1745422
249860,1745226
255465,1744918
288489,1743120
309398,1741967
319812,1741381
327670,1740098
328228,1739844
340384,1732563
340809,1732156
341687,1730698
342780,1727850
343264,1726157
343814,1725102
344959,1723855
345450,1723509
346537,1723004
358367,1718614
359453,1718110
360468,1717418
361712,1716264
362104,1715828
362397,1715332
362943,1713574
363620,1711873
364237,1710880
373360,1700073
377598,1697044
384726,1692081
399585,1678141
405092,1672438
406012,1671755
407133,1671253
408582,1671025
413918,1670222
410824,1678753
407390,1683268
404133,1687692
405495,1692668
406024,1693761
406364,1694225
407534,1695447
406690,1711259
405153,1712902
404467,1713800
403724,1715436
403263,1717667
403515,1724597
403850,1730645
404454,1744483
405177,1757980
406053,1775468
407601,1806486
408611,1826365
409311,1841462
409707,1848607
409987,1852495
415384,1847813
420685,1843043
422179,1843761
424170,1844931
425061,1845617
427987,1848270
429443,1850044
430003,1851036
430718,1851988
431890,1853203
432812,1853887
433302,1854180
436169,1855237
441933,1857285
444657,1857487
455512,1855169
456783,1854781
461886,1852908
464197,1851921
475485,1845475
481137,1841474
484482,1839192
486042,1838312
487217,1837868
488954,1837330
489670,1837196
505177,1837340
505813,1837466
507275,1838346
510218,1841060
510526,1841522
511013,1841814
511684,1841971
516415,1840960
518925,1840225
527944,1839408
530048,1839331
533100,1839365
539146,1838927
543205,1838370
543920,1838238
547502,1836974
568950,1837383
585575,1838425
611442,1842729
619305,1854775
619947,1855726
620462,1856018
621668,1856339
622392,1856398
628794,1855416
633890,1853993
637654,1852890
641799,1851518
643338,1850743
645213,1849385
647473,1846931
648082,1845951
648988,1845274
661647,1840486
666733,1838915
668176,1839005
668860,1838909
671581,1837609
674205,1836219
675142,1835542
675530,1835144
680425,1827511
691289,1810215
691707,1809089
691834,1808451
691890,1806235
692116,1805687
693762,1803399
695902,1801595
698203,1799910
702095,1798187
703912,1797536
720032,1796723
722312,1796686
724325,1797007
725500,1797429
728992,1799422
733809,1802430
734529,1802493
738457,1800205
741266,1791592
747940,1781331
748356,1780840
751079,1778042
756949,1775142
759153,1774102
765704,1770294
778387,1761632
779295,1760964
779523,1760419
779127,1758387
778764,1757141
778828,1756445
779186,1756021
780419,1755655
781845,1755439
788983,1754454
789792,1754421
791050,1754684
793390,1755471
794647,1755704
795993,1755806
806243,1749378
807086,1748619
809975,1746017
818123,1737604
820364,1735156
822863,1732100
823158,1731617
825790,1728745
827020,1727533
840924,1716180
844009,1714490
847967,1712863
848614,1712681
850759,1711658
851830,1711146
852379,1710874
853291,1710211
853615,1709727
854107,1707917
854063,1707472
854277,1706591
854667,1706168
855738,1705656
864173,1703709
864883,1703589
871234,1702632
872640,1702737
875244,1703270
875964,1703338
877459,1703346
878106,1703165
882620,1700582
904765,1692222
906548,1691594
916104,1689061
916821,1689099
928300,1689137
942608,1688422
948372,1687911
953541,1687234
968641,1693768
969207,1693968
969894,1694039
972750,1694067
973431,1693982
973917,1693652
979096,1687906
979326,1687366
979306,1685864
979525,1683071
981644,1680497
987098,1675813
989384,1676048
990666,1676319
991291,1676455
992988,1677088
993908,1677684
995066,1678897
998612,1684819
1002882,1692062
1003444,1693075
1003650,1693694
1003561,1695699
1002210,1698966
1001299,1700466
1000807,1701515
1000014,1703794
999842,1705113
999894,1706676
1000552,1715225
1000904,1716465
1001171,1717019
1003004,1719898
1003947,1722118
1004329,1723356
1006069,1732618
1006303,1734018
1006261,1735521
1006158,1736150
1004175,1743319
1003811,1744489
1003160,1745387
1002026,1746584
1000730,1747661
999434,1748707
997166,1751164
996483,1752032
995702,1753624
995010,1755995
995019,1756022
995636,1757913
995567,1758635
995039,1760343
994812,1760915
994028,1762413
991958,1764301
990057,1764733
989374,1765872
991061,1780857
991358,1782192
997113,1796755
1003176,1806109
1003975,1806831
1004963,1808159
1005872,1810516
1007925,1820169
1007999,1822200
1007867,1822799
1007285,1823790
1003549,1830561
998347,1841049
997507,1843365
998935,1854201
999469,1856058
1004462,1869573
1007779,1878005
1008787,1879356
1009619,1880106
1010093,1880400
1010655,1880598
1012137,1880604
1014862,1880092
1016817,1880393
1017412,1880621
1017886,1880915
1018685,1881635
1019042,1882091
1025283,1892109
1025122,1892741
1023290,1897189
1022032,1900521
1021222,1903492
1022083,1906649
1023151,1907952
1024040,1908605
1026379,1910141
1028214,1910601
1028888,1909700
1029517,1902828
1030000,1901778
1030853,1900992
1031552,1901249
1031966,1901640
1037550,1907459
1037785,1907981
1040012,1913803
1041183,1921854
1043628,1931698
1044664,1933845
1046590,1935864
1048244,1936488
1057221,1937171
1063144,1936881
1064622,1936918
1066543,1937281
1067073,1937511
1068521,1938361
1069290,1939175
1072217,1944965
1074780,1950145
1075047,1950665
1075431,1951056
1088244,1956841
1089335,1957268
1099728,1960119
1100435,1960154
1102608,1973739
1102932,1974195
1111419,1982046
1113315,1983479
1114506,1984237
1116862,1984896
1125707,1986103
1131688,1985553
1138598,1986012
1152737,1988231
1153294,1988428
1154087,1989178
1155086,1990512
1155497,1990902
1156556,1991393
1164851,1992242
1165557,1992278
1167189,1991575
1169350,1989711
1172295,1985711
1176403,1983352
1180197,1981628
1194049,1982319
1215945,1992071
1217029,1993371
1217334,1994592
1217382,1996500
1222945,2001844
1225301,2003383
1232378,2007053
1233816,2007199
1241021,2007191
1242261,2006837
1243444,2005709
1244850,2004013
1245744,2003361
1250617,2000336
1253500,1998836
1254220,1998707
1260315,2000135
1261220,2000790
1261542,2001244
1261799,2002666
1261766,2004774
1262010,2006107
1263223,2010447
1263805,2011422
1269890,2020993
1272178,2022433
1280804,2027443
1286748,2031948
1295099,2038769
1302684,2034235
1303332,2034032
1303989,2034099
1305528,2034908
1308496,2037336
1308827,2037760
1308851,2038504
1308487,2040378
1308620,2041119
1308978,2041449
1333913,2051661
1337732,2053026
1343631,2053055
1349506,2052405
1351328,2051740
1352523,2050728
1353445,2050079
1355345,2049586
1357325,2049741
1366463,2052404
1367570,2052834
1367754,2053331
1367918,2056265
1370862,2066001
1380242,2075846
1383513,2077219
1386693,2079398
1394138,2085086
1394522,2085449
1394784,2086011
1395274,2088622
1397291,2093730
1398345,2094934
1399259,2095621
1401870,2095981
1410247,2094468
1410829,2094341
1422861,2091381
1425334,2090659
1426767,2092287
1427517,2093101
1432421,2095031
1434305,2095433
1436462,2095471
1461543,2091382
1485697,2087377
1489630,2092583
1494806,2097112
1512317,2107081
1514023,2107683
1515460,2107749
1518323,2107569
1525959,2113628
1536068,2116704
1547082,2119882
1548400,2120683
1558339,2140140
1558223,2140769
1556659,2145218
1554724,2148604
1553320,2150277
1550534,2152172
1549893,2153053
1549562,2154205
1548299,2158965
1548112,2160924
1548234,2161653
1551769,2173830
1552212,2174990
1554585,2178033
1563817,2195487
1571299,2210850
1572081,2220095
1573946,2243056
1574789,2256716
1575077,2263040
1571452,2263230
1561489,2263283
1541346,2264398
1556008,2279994
1579647,2305724
1585765,2360592
1585837,2362103
1589263,2392675
1595024,2392822
1605885,2392984
1656642,2393777
1661263,2393846
1716707,2394751
1762880,2395519
1773324,2395679
1774453,2395595
1775984,2394826
1776923,2394191
1777650,2393345
1778257,2392409
1778941,2390886
1779395,2389799
1785732,2389800
1785969,2392844
1786310,2402755
1784200,2414993
1782899,2416836
1782230,2417588
1778808,2420306
1776537,2422630
1775267,2424473
1771726,2429997
1771302,2431084
1770744,2433950
1770784,2439166
1772483,2458262
1772661,2459706
1772925,2460995
1773336,2462218
1774327,2464262
1774968,2465173
1775522,2466147
1775990,2467278
1776985,2470985
1778951,2481572
1779129,2483016
1779174,2485202
1778998,2490997
1779760,2494956
1780404,2497468
1781017,2498441
1781655,2499260
1783283,2500705
1785432,2501585
1787899,2502089
1789204,2502216
1791494,2502847
1796286,2505677
1810064,2514490
1810438,2515530
1811548,2517880
1813416,2519691
1820827,2523983
1822136,2524420
1824523,2524725
1825495,2524222
1833636,2520018
1835882,2521640
1845898,2529956
1849335,2532849
1850758,2534241
1850951,2535130
1848722,2536001
1848030,2536937
1846977,2539260
1849231,2544673
1852063,2547978
1852843,2548703
1853758,2549096
1853686,2550316
1853445,2554357
1853818,2562107
1868853,2589671
1875471,2601500
1872600,2605581
1871889,2607040
1871136,2609423
1864785,2630959
1850628,2679400
1850466,2680142
1855196,2680482
1855894,2680532
1856260,2682803
1857746,2694874
1850174,2695449
1849106,2697749
1845656,2705482
1842268,2713216
1831646,2737236
1818939,2765902
1815536,2773092
1817448,2775144
1843912,2798016
1843985,2798080
1844656,2798795
1840118,2803888
1839660,2804268
1838741,2804872
1817731,2818263
1812632,2820472
1813104,2827178
1815206,2832706
1819515,2839540
1823671,2846069
1829126,2856452
1829145,2858608
1829218,2859284
1830659,2869324
1830890,2870613
1832441,2879111
1832813,2880242
1833228,2880634
1833839,2880774
1834356,2880547
1834753,2880169
1835062,2879700
1836324,2876438
1836662,2875969
1837547,2875364
1838153,2875228
1838793,2875368
1840146,2876263
1840531,2876655
1845025,2882101
1845538,2883076
1845831,2894095
1850545,2908778
1850548,2910287
1847695,2949308
1847228,2950366
1844801,2954177
1841146,2959680
1839469,2963321
1837373,2968821
1837302,2969500
1839203,2982117
1839518,2983311
1840059,2984315
1841124,2985524
1839923,2997718
1837573,3019983
1835766,3025016
1835379,3026904
1835334,3029863
1835634,3033293
1841246,3035917
1841768,3036151
1844717,3037038
1845929,3037349
1852046,3038811
1852586,3038584
1855706,3036974
1858133,3035133
1871347,3035739
1873754,3040985
1874079,3041440
1874544,3041738
1876136,3042413
1898601,3045866
1899318,3045913
1903359,3045834
1911747,3045243
1912433,3045169
1913660,3044869
1917176,3044373
1921754,3043889
1938772,3046821
1950334,3051213
1957448,3050051
1961419,3048141
1962591,3047385
1967787,3044382
1968416,3044311
1969107,3044485
1969598,3044785
1969949,3045211
1970943,3046519
1971264,3046945
1975381,3048361
1981497,3041348
1982817,3039514
1983800,3038085
1984238,3036664
1984372,3035985
1985971,3033531
1986647,3032630
1988114,3030948
1989448,3029945
1990117,3029623
1993387,3028599
1998934,3027387
1999624,3027532
1999946,3027989
2002248,3033097
2002445,3035002
2002690,3036198
2003455,3037696
2003775,3038123
2006702,3040700
2008816,3042519
2019565,3050170
2020168,3050410
2023098,3051175
2023815,3051351
2030783,3052347
2031499,3052339
2032070,3052179
2033578,3051455
2035658,3050540
2036287,3050472
2041921,3049889
2056278,3051467
2067116,3063146
2067378,3063636
2067617,3064833
2067550,3066956
2067660,3069600
2067798,3072275
2068357,3077314
2068448,3077959
2068773,3079094
2069529,3080595
2070659,3082461
2071353,3083316
2073050,3084777
2074889,3086115
2076496,3086963
2078386,3087593
2079072,3087741
2080247,3088223
2080763,3088526
2081109,3088954
2081342,3089444
2081523,3090704
2081703,3098853
2081572,3100299
2081097,3101502
2080032,3103695
2079190,3105301
2078822,3105704
2078232,3106724
2077757,3107927
2077453,3109129
2077408,3110514
2077776,3113679
2078015,3114876
2082005,3132221
2084369,3139399
2087971,3145152
2088387,3161819
2087949,3163945
2087926,3164652
2088016,3165267
2088163,3165850
2088682,3166830
2088997,3167258
2092961,3171933
2089863,3179862
2089671,3180540
2089591,3181310
2091187,3196645
2091361,3197198
2092277,3198421
2093476,3199581
2094501,3200188
2095413,3200857
2096184,3201651
2097185,3202936
2097759,3203885
2098765,3205877
2099428,3207441
2099664,3208639
2100346,3212939
2100926,3218718
2101721,3227078
2101723,3231231
2101851,3233198
2102085,3234396
2102431,3235224
2102689,3235714
2103373,3236602
2104226,3237334
2106269,3238519
2107375,3239065
2108565,3239518
2109924,3239847
2123841,3242437
2125425,3242644
2126809,3242667
2129321,3242192
2141401,3239703
2151478,3236801
2153001,3236057
2153875,3235378
2154241,3234977
2154916,3234051
2156125,3232017
2156490,3231586
2156942,3231246
2181856,3218636
2182422,3218481
2183130,3218634
2191424,3223298
2204889,3230949
2216952,3242424
2221495,3246119
2219575,3246948
2218190,3247961
2216947,3249037
2215788,3250235
2213500,3252725
2212822,3253647
2212059,3255369
2211945,3256107
2212115,3257399
2213831,3266442
2214337,3267426
2215296,3268472
2215718,3268842
2217071,3269888
2218508,3270843
2219183,3271705
2219437,3272228
2219746,3273335
2220896,3278011
2220951,3279334
2220866,3279980
2218636,3285144
2218381,3285729
2218071,3286251
2217705,3286651
2216408,3287664
2214633,3289847
2214351,3290277
2213619,3291599
2213167,3292768
2212576,3294736
2212208,3296950
2212348,3298211
2212854,3299903
2213584,3301411
2213921,3302549
2214566,3306209
2214537,3307624
2214339,3309008
2214001,3310361
2213212,3313467
2212649,3315404
2205988,3329243
2204809,3333057
2200325,3352127
2200102,3353481
2199767,3357172
2199712,3359356
2199937,3360555
2200133,3361109
2202907,3364369
2203383,3365384
2203411,3366060
2203299,3366737
2202851,3367844
2195470,3381289
2194493,3382613
2193599,3383813
2192593,3385137
2190946,3387291
2190192,3388092
2188572,3389509
2187596,3390802
2183809,3399420
2183838,3400097
2183895,3400774
2185634,3407435
2185644,3414385
2190417,3414023
2191114,3413991
2191728,3414175
2198706,3419614
2200352,3420997
2206822,3415552
2207631,3414845
2214328,3412386
2216561,3411680
2217258,3411651
2217872,3411682
2218375,3411959
2219015,3412821
2219572,3413744
2227971,3413141
2230126,3410222
2233929,3406447
2234796,3405833
2235354,3405619
2235968,3405682
2256792,3420973
2257125,3421374
2259475,3426428
2259806,3427352
2263236,3439764
2263373,3440380
2263422,3441734
2263252,3442318
2262688,3444099
2262251,3448619
2262914,3455944
2262995,3456529
2263188,3457083
2271763,3471522
2278730,3482542
2279527,3483962
2279937,3485041
2280315,3486858
2280497,3488860
2280545,3490213
2280485,3490982
2280398,3491658
2279833,3493501
2278597,3496171
2276614,3498775
2276142,3499049
2274664,3500610
2274214,3501746
2274100,3502422
2274175,3503776
2274429,3518422
2272711,3534535
2271693,3538868
2273412,3548230
2273602,3548755
2275286,3558886
2275278,3560332
2274602,3562790
2271695,3570128
2270550,3572861
2264311,3586829
2261221,3591462
2259346,3589022
2255187,3589682
2244827,3593398
2244495,3593828
2242946,3596931
2242283,3597790
2240599,3599970
2240213,3600338
2238201,3602117
2236107,3603804
2234538,3604477
2233355,3604782
2231102,3604623
2230498,3604438
2222017,3614638
2217948,3618941
2217178,3619740
2216739,3620017
2209764,3622997
2200598,3624351
2192806,3626757
2183210,3631201
2177648,3633828
2177099,3634014
2169780,3635017
2168465,3635144
2167861,3634961
2167366,3634686
2167173,3634164
2167034,3633549
2167086,3632779
2167276,3632194
2167247,3631517
2166807,3631180
2166121,3631059
2165518,3631184
2165025,3631432
2164614,3631803
2163960,3632666
2156446,3646725
2156163,3651250
2155922,3652605
2155135,3654147
2144402,3664904
2140578,3666248
2139950,3666220
2129508,3667389
2128196,3667551
2115449,3674594
2114496,3675125
2109811,3680608
2109272,3681505
2109168,3682183
2109200,3682860
2109543,3684704
2109391,3686151
2109122,3686646
2102678,3693193
2089518,3698453
2085199,3699379
2085036,3700375
2084501,3701396
2084178,3701831
2080125,3705474
2077113,3706953
2074094,3707601
2072520,3708265
2071655,3708952
2071306,3709387
2070855,3710500
2070890,3711208
2071087,3711729
2071365,3712218
2071724,3712614
2076383,3714963
2078985,3716259
2079864,3716926
2080222,3717323
2081054,3718761
2081250,3719282
2081482,3720542
2081362,3722051
2079970,3726960
2079602,3728164
2079014,3729125
2078609,3729467
2078039,3729658
2077439,3729480
2076750,3728687
2076161,3727032
2076126,3726355
2075894,3725126
2075259,3724240
2074738,3723969
2065171,3723094
2063019,3723089
2061770,3723320
2061227,3723511
2060281,3724076
2059473,3724794
2059151,3725230
2051073,3738262
2048026,3746368
2042746,3753644
2032756,3765118
2023096,3770438
2021963,3770825
2021188,3771546
2020635,3772571
2020455,3773189
2020232,3774548
2020078,3776798
2009612,3800743
2008621,3802885
2007900,3803787
1999776,3806058
1997931,3807262
1994325,3809699
1992728,3811114
1991986,3811898
1989239,3815307
1987690,3817739
1987169,3818765
1986487,3821242
1986421,3821983
1986594,3823982
1986582,3824752
1986391,3826049
1983262,3833163
1982743,3834190
1982427,3834628
1971587,3848122
1962133,3858489
1949717,3875094
1947312,3878077
1946238,3879303
1945164,3880530
1944430,3881317
1943531,3881955
1940867,3883004
1939636,3883249
1935418,3883350
1932229,3883767
1930100,3884621
1928669,3885457
1927797,3886065
1926716,3887293
1926030,3888173
1925210,3889735
1923930,3893096
1923663,3894458
1923610,3895200
1923780,3898431
1923614,3904846
1923586,3905591
1923072,3906632
1921561,3908381
1908813,3922865
1907609,3923946
1903808,3926978
1901882,3928079
1899151,3929049
1896707,3929572
1899518,3930673
1899982,3930999
1900752,3931749
1901008,3932266
1901159,3932878
1901119,3934328
1900894,3934920
1900743,3936219
1900764,3936989
1901152,3937441
1901998,3938033
1903600,3938852
1904680,3939223
1905299,3939360
1907450,3939764
1908228,3939835
1921198,3938596
1924095,3937874
1924846,3937916
1925849,3938445
1926698,3939194
1928102,3940761
1933046,3940636
1934356,3940604
1935578,3940296
1936474,3939750
1937311,3938959
1940984,3934894
1941358,3933745
1941253,3931621
1941088,3930331
1941134,3928943
1941644,3927883
1944801,3923278
1945476,3922368
1947754,3920126
1948731,3919487
1961454,3918243
1968495,3917996
1973255,3918850
1975313,3919947
1989687,3931761
1990558,3932576
1997144,3939872
1999091,3942484
2001169,3944971
2002718,3946390
2014797,3957383
2021823,3962621
2026513,3965591
2029538,3968036
2041195,3980880
2052376,3994018
2053546,3995880
2054813,3999065
2054885,4000419
2054852,4001867
2054324,4003938
2053915,4005083
2052695,4007010
2052420,4008215
2052282,4009726
2052165,4012622
2051800,4024023
2052136,4025504
2054262,4025681
2061524,4025642
2063429,4025369
2067926,4024725
2068535,4024625
2069374,4023936
2075851,4018220
2084118,4010640
2086998,4002262
2087069,4001492
2087427,4000287
2087715,3999822
2088109,3999418
2089140,3998944
2091903,3999007
2092594,3999061
2093129,3999364
2098459,4003773
2108040,4011902
2114589,4020557
2115206,4021445
2116682,4023711
2116925,4024232
2117090,4024847
2117180,4026139
2117132,4026817
2124499,4040767
2125330,4042208
2126051,4043034
2127354,4044009
2138826,4051288
2139756,4051868
2140391,4052079
2141053,4052168
2141739,4052132
2142346,4051975
2142821,4051756
2143188,4051293
2150719,4051035
2154014,4054559
2156774,4057163
2161334,4061053
2163558,4062552
2165171,4063284
2166308,4063711
2167550,4064107
2170376,4064497
2171854,4064492
2174413,4064207
2175945,4064264
2177318,4064476
2186058,4066180
2186744,4066333
2187748,4066855
2188145,4067224
2198444,4079003
2198735,4079464
2198972,4079988
2199130,4080603
2199474,4082420
2199604,4090098
2201664,4091101
2204192,4092424
2206825,4094456
2207587,4095288
2209928,4098275
2210560,4099106
2216420,4104714
2227890,4113908
2234379,4113585
2235748,4112728
2236353,4112514
2237115,4112577
2237587,4112795
2250431,4119617
2251348,4120175
2252263,4120888
2254774,4122932
2255478,4123797
2255682,4125029
2267600,4137289
2274908,4149561
2277375,4156075
2277523,4157370
2276773,4159828
2276768,4160567
2276968,4161831
2277648,4165531
2278032,4166673
2278626,4167571
2283877,4174477
2285196,4176151
2286698,4177795
2288199,4179316
2298625,4189509
2299558,4190072
2300807,4190391
2302239,4190621
2304190,4191071
2312586,4193560
2318466,4196982
2319448,4197640
2321970,4200349
2326981,4206045
2327674,4206886
2327928,4207412
2328077,4208030
2327863,4208458
2327572,4208856
2320699,4215976
2313625,4222554
2308563,4231863
2295666,4242116
2293158,4244187
2291982,4245255
2290907,4246569
2289936,4247885
2289196,4249480
2288457,4251076
2287717,4252763
2287590,4253280
2287422,4253962
2287068,4256022
2286675,4259684
2286689,4261101
2286931,4263074
2287370,4266343
2287789,4268842
2288109,4270722
2288527,4273221
2289194,4282836
2289149,4285054
2288782,4288623
2288448,4291515
2287895,4295761
2286998,4301237
2286422,4305328
2285864,4310406
2286286,4312227
2286897,4313125
2287280,4313497
2287766,4313809
2297727,4319599
2298881,4320042
2299497,4320171
2300621,4319824
2306124,4316419
2307006,4315781
2310460,4313107
2312981,4311041
2314204,4309977
2315401,4308881
2321901,4301966
2340389,4285386
2344053,4282081
2360110,4266950
2361114,4265641
2369492,4253917
2370104,4252972
2370882,4251414
2381523,4229138
2383421,4224735
2387755,4212490
2388375,4209944
2388802,4207980
2389152,4205922
2390715,4200374
2395367,4184625
2395561,4184012
2396077,4182974
2406268,4162991
2407603,4160398
2409116,4158025
2410111,4156721
2410911,4155997
2417302,4150952
2423085,4147655
2423435,4147200
2423477,4146461
2422536,4141449
2420493,4140080
2414802,4137466
2412767,4138256
2411657,4138634
2410897,4138588
2410298,4138391
2409939,4138014
2408146,4134527
2409218,4126815
2409559,4125528
2409805,4125009
2410761,4124473
2415351,4122286
2415880,4122081
2414271,4115979
2411456,4110838
2411665,4101691
2411981,4100403
2412657,4099523
2413059,4099162
2413862,4098469
2414822,4097903
2417984,4096551
2421274,4095386
2424086,4094490
2425655,4093815
2426488,4093031
2427113,4092151
2429061,4088588
2429309,4088100
2432991,4078905
2433823,4066197
2434056,4064014
2434624,4062209
2437253,4055734
2437553,4055279
2441506,4052409
2442117,4052299
2467018,4043768
2467064,4042998
2467858,4039843
2468683,4037521
2469943,4034872
2470602,4033963
2471492,4033338
2472054,4033137
2475300,4032726
2480962,4030160
2485909,4026653
2484934,4025363
2484375,4024423
2484142,4023184
2484073,4021795
2484045,4016770
2484104,4014552
2484775,4011241
2485530,4008825
2486190,4007949
2487007,4007231
2494001,3991388
2494351,3983321
2494449,3982645
2494827,3981453
2495823,3980123
2497744,3979035
2499558,3980965
2499974,3980939
2500290,3981096
2500556,3981307
2500827,3981906
2503108,3989417
2503409,3992015
2503538,3994084
2503179,3994537
2502564,3994643
2501794,3994591
2501411,3994950
2501289,3995501
2501569,3995972
2503677,3997695
2504283,3997897
2504693,3997539
2505024,3997085
2505228,3996474
2505551,3994449
2505647,3992910
2504514,3983494
2504235,3982025
2504031,3981316
2503908,3980573
2503871,3980165
2503916,3979704
2503724,3974883
2504026,3973596
2505893,3965910
2506326,3964782
2508819,3958685
2512097,3954215
2512840,3953434
2505482,3941175
2505145,3940765
2504945,3940236
2502817,3926984
2502755,3926304
2505879,3910976
2506056,3910395
2506417,3909942
2506880,3909678
2507579,3909635
2508026,3909956
2510919,3914012
2510871,3914781
2510467,3916743
2510086,3917935
2509830,3918452
2512222,3926904
2516525,3934794
2519336,3937618
2519807,3937971
2520423,3937988
2521041,3937883
2521504,3937619
2522171,3936744
2522712,3936544
2525757,3935862
2526427,3935851
2526956,3936082
2527400,3936434
2530694,3939122
2531534,3940565
2531732,3941096
2531765,3941806
2531720,3942390
2531542,3943002
2530490,3945067
2530625,3952194
2535510,3955055
2539133,3956337
2538712,3955245
2538598,3954625
2538775,3953181
2539563,3948425
2539818,3947076
2539998,3946465
2540254,3945949
2540923,3945075
2541464,3944875
2553648,3942914
2561658,3943542
2562355,3943504
2563595,3943266
2564136,3943068
2564600,3942806
2565013,3942449
2565350,3941998
2565607,3941482
2566175,3939681
2566228,3938911
2566115,3938291
2565917,3937760
2565557,3937347
2564946,3937172
2565039,3935170
2566356,3932592
2566692,3932140
2567106,3931784
2567570,3931521
2568191,3931388
2569638,3931405
2570692,3931933
2571416,3932729
2576339,3939280
2577009,3940846
2577209,3942827
2577160,3945047
2576406,3949896
2574112,3960237
2573707,3961651
2573475,3962167
2573190,3962682
2572519,3963554
2571024,3964306
2570405,3964439
2569709,3964477
2568658,3963949
2566270,3960228
2565714,3959285
2565408,3958041
2562144,3962961
2562987,3977055
2562549,3980619
2560695,3989905
2560386,3991190
2559846,3992993
2559204,3994699
2558149,3996792
2557147,3998086
2556402,3998894
2554784,4000322
2553013,4001591
2552551,4001884
2542851,4007248
2537672,4009553
2534642,4012944
2531208,4025205
2531108,4025880
2532657,4034162
2532225,4035259
2531892,4035712
2530870,4036174
2530102,4036150
2529662,4035797
2529548,4035177
2528884,4030870
2528984,4030194
2524496,4028547
2515865,4027797
2514842,4028291
2514511,4028713
2514182,4029999
2513486,4035683
2513311,4037127
2513425,4037747
2514210,4039928
2514349,4040611
2514447,4042680
2514658,4048113
2514560,4049652
2514308,4051001
2513194,4055593
2511227,4063121
2510848,4064313
2510238,4065282
2506608,4070110
2504779,4072123
2503075,4073493
2498727,4076822
2497710,4077287
2496006,4077794
2494759,4078006
2492669,4078133
2491302,4077911
2490700,4077709
2489057,4076924
2488699,4076513
2488579,4076048
2484621,4080843
2477393,4089744
2466694,4102939
2465079,4104347
2461617,4106973
2446637,4114870
2444916,4115354
2443041,4115711
2441672,4115772
2441072,4115604
2439512,4114798
2439046,4114479
2438687,4114070
2438435,4113602
2437770,4112724
2436720,4111499
2435840,4110832
2434880,4110255
2433813,4109739
2432637,4109343
2430206,4108611
2428162,4108259
2427400,4108211
2425628,4108635
2424590,4109168
2424265,4109623
2423717,4110659
2423674,4111429
2423992,4112576
2425508,4114211
2427701,4117370
2430452,4121436
2430704,4121904
2431045,4123083
2431057,4123761
2428637,4134709
2428200,4136672
2428030,4137254
2427158,4138745
2426236,4140111
2425365,4141602
2424400,4143769
2424280,4144445
2424249,4145892
2424394,4146511
2424789,4147599
2425068,4148067
2425592,4148047
2425917,4147592
2434660,4135305
2437784,4130660
2440884,4126047
2441484,4125074
2441836,4124651
2444653,4122128
2447249,4120155
2448662,4119325
2461548,4111841
2462990,4111014
2464001,4110546
2467295,4109366
2469372,4108433
2482189,4100723
2506283,4080399
2515994,4071804
2522817,4065626
2525032,4063257
2537374,4049485
2544196,4041713
2553934,4030278
2557343,4025979
2561014,4021073
2561603,4020137
2563710,4015981
2563890,4015370
2564918,4013307
2565814,4011923
2581472,3988823
2586531,3981472
2587512,3980180
2592217,3973251
2598278,3963008
2602458,3954704
2603421,3952517
2604123,3950906
2605921,3946405
2606678,3944025
2607359,3941519
2613022,3926142
2622402,3901875
2622870,3900778
2624823,3896487
2625560,3894882
2626900,3892314
2636828,3874906
2641417,3867150
2652345,3850195
2653346,3848814
2656922,3843893
2661996,3839088
2663354,3837326
2666465,3832696
2669318,3827809
2687916,3807019
2693532,3801387
2694322,3800679
2712176,3785784
2714426,3784152
2737342,3768798
2738773,3767936
2739752,3767393
2741943,3766597
2749362,3764251
2756505,3753949
2755949,3754170
2755343,3754266
2754724,3754082
2748947,3749112
2748582,3748725
2748389,3748190
2747755,3742967
2747760,3734558
2747873,3733883
2748228,3732693
2748769,3731636
2749090,3731187
2749697,3731091
2750377,3731184
2755108,3737093
2755414,3737571
2755609,3738106
2755572,3738877
2755380,3739487
2755189,3740065
2754162,3742151
2753586,3743948
2753500,3744624
2753608,3745248
2753827,3745815
2754964,3748372
2755741,3749862
2756077,3750280
2756553,3750612
2757204,3750704
2757916,3750676
2758315,3750324
2770073,3721563
2773133,3706244
2774560,3696415
2780721,3681862
2780061,3678397
2779365,3676849
2778806,3675894
2778074,3675086
2775550,3669709
2774115,3658662
2773956,3657356
2774229,3656812
2777539,3653194
2778343,3652490
2775079,3636225
2778170,3612463
2778609,3611339
2784073,3608593
2784910,3608094
2785663,3607944
2786538,3608040
2786847,3608185
2787051,3608436
2789265,3608156
2789315,3608870
2788911,3609222
2788219,3609251
2787656,3609442
2787358,3609891
2787555,3610427
2787922,3610846
2788667,3610881
2789974,3610726
2791606,3610123
2791959,3609676
2791612,3605329
2791206,3603392
2790148,3600001
2789780,3599582
2789093,3599488
2788479,3599582
2787749,3600383
2786234,3601315
2786196,3601777
2786048,3602085
2785327,3602590
2784668,3602837
2783888,3602838
2783406,3602500
2783201,3602268
2781409,3601665
2780930,3600653
2779862,3598006
2779725,3597381
2779350,3571790
2780250,3560575
2779422,3559857
2775765,3556630
2775225,3555677
2775001,3555111
2774778,3553895
2774701,3552531
2774889,3548953
2775563,3540924
2776173,3538312
2776613,3537188
2780437,3530063
2782586,3526851
2782860,3526307
2783415,3524507
2783694,3523252
2783490,3522841
2780468,3517603
2779898,3516650
2769671,3506026
2766646,3488397
2766038,3481138
2766364,3480719
2766924,3480681
2767270,3481067
2767557,3481543
2768984,3485315
2771146,3493354
2771259,3493946
2771391,3496023
2771246,3497439
2771732,3498449
2772163,3498777
2775069,3500543
2776106,3501053
2777550,3501179
2778036,3500922
2780331,3499447
2786738,3495281
2787604,3494639
2788178,3493676
2788345,3493065
2788378,3492324
2788155,3491077
2787547,3489689
2787208,3488530
2785634,3481904
2785355,3480005
2785637,3478719
2788377,3472543
2789825,3468145
2789217,3460450
2783083,3461260
2770316,3461632
2770056,3461157
2770141,3460480
2771182,3458393
2772021,3457749
2787355,3455110
2795538,3450496
2798917,3443844
2803418,3436624
2806097,3433188
2806477,3432835
2809382,3431235
2811038,3430598
2811499,3430341
2812370,3429700
2812698,3429251
2812814,3428576
2812014,3426405
2811205,3425688
2810655,3425446
2797906,3421316
2797209,3421193
2792825,3421988
2789153,3422569
2787707,3422259
2784542,3421502
2778632,3418681
2777789,3418057
2776114,3415915
2777540,3410133
2779900,3408751
2780189,3409227
2780914,3410000
2785408,3413192
2792698,3415304
2800916,3417368
2801620,3417307
2803246,3416730
2808380,3411827
2808468,3411119
2808355,3410527
2807866,3409515
2806221,3407369
2805156,3405435
2805909,3403025
2807218,3399527
2810834,3397277
2814433,3398522
2816508,3401121
2822138,3401564
2828066,3398650
2837090,3395760
2837592,3395845
2837908,3396324
2837871,3397096
2837048,3398103
2836752,3398275
2835089,3398854
2833787,3399009
2832699,3399423
2830181,3400945
2828845,3401873
2827641,3402962
2825352,3411117
2825040,3412402
2824855,3414590
2824907,3415273
2825282,3415662
2826326,3416174
2828186,3416632
2828809,3416538
2829220,3416154
2829735,3413549
2830273,3411655
2831546,3409053
2832864,3407321
2833658,3406584
2842289,3400823
2842920,3399222
2843447,3398195
2844411,3396848
2846526,3394379
2848724,3391977
2849490,3391271
2850861,3390253
2852753,3390746
2853377,3390652
2853927,3390338
2855653,3388997
2856478,3388232
2857940,3386537
2859737,3384333
2860628,3382798
2862398,3378240
2863182,3373695
2863085,3373381
2862564,3373077
2861778,3372977
2860715,3373391
2859346,3374316
2857814,3375078
2856672,3375395
2856049,3375457
2855431,3375397
2852248,3374750
2847371,3372971
2846850,3372668
2846504,3372219
2846334,3371653
2846367,3370943
2849591,3367753
2853978,3367435
2869709,3355466
2873467,3353110
2882001,3347892
2894653,3339072
2900010,3336057
2906301,3334795
2912666,3333229
2923688,3327628
2934490,3321589
2957047,3303995
2956817,3303517
2956710,3302860
2956808,3302090
2958783,3296520
2958917,3296155
2959200,3295642
2960320,3294369
2960736,3294019
2963012,3292405
2965809,3290632
2968217,3289211
2974529,3285613
2976519,3284605
3000875,3272606
3012897,3267198
3017266,3265614
3019642,3261961
3019295,3261538
3018034,3257615
3018024,3255782
3023333,3249283
3023700,3248869
3024361,3248783
3030922,3254408
3031269,3254832
3031497,3255342
3033362,3259911
3034204,3262333
3034191,3263047
3033965,3263500
3033545,3263848
3032965,3264001
3031407,3263818
3030827,3263971
3030041,3264733
3029726,3265243
3029713,3265956
3030060,3266380
3030583,3266690
3031874,3267076
3033246,3267031
3033933,3267009
3042084,3263788
3045337,3260405
3051668,3250429
3051374,3250069
3050892,3250010
3049624,3250184
3048543,3250586
3047593,3251183
3046805,3251945
3044202,3254931
3042833,3255876
3040140,3255999
3038634,3255880
3038867,3255303
3039736,3254608
3049736,3249258
3054354,3247044
3065202,3242559
3066920,3242071
3071256,3241336
3072472,3241098
3074904,3240623
3079985,3239904
3081236,3240042
3097759,3243731
3100917,3244518
3109582,3246990
3111190,3249208
3111534,3249665
3113154,3251200
3113709,3251483
3114386,3251651
3121679,3250900
3122897,3250667
3123905,3250140
3124356,3249795
3124697,3249381
3125600,3247819
3125837,3247243
3125943,3246471
3125039,3242241
3123191,3237951
3122909,3237435
3122744,3236864
3122785,3232601
3122906,3231145
3123066,3230439
3123484,3229718
3125103,3228171
3140260,3224499
3158752,3217068
3162177,3215672
3167727,3212172
3167204,3211368
3165757,3210203
3168875,3206075
3175134,3201500
3177534,3200037
3179051,3199296
3179610,3199115
3180411,3199199
3184015,3202152
3184358,3202611
3184867,3203612
3185194,3204756
3185539,3205185
3186129,3205411
3196719,3203784
3197174,3203440
3197468,3202930
3197723,3202005
3197839,3201707
3198265,3201362
3198801,3201117
3199521,3201104
3206907,3201387
3207463,3201675
3210275,3203115
3210894,3203344
3212436,3203544
3213024,3203366
3213958,3202775
3221553,3197148
3221624,3196529
3221279,3196099
3216014,3189619
3215514,3189335
3214255,3189187
3213535,3189169
3207197,3188644
3200481,3187753
3200317,3187180
3199979,3185348
3199999,3184632
3202525,3174943
3204166,3169843
3204511,3169429
3205481,3168745
3206549,3168318
3207697,3167989
3208979,3167826
3212477,3167781
3213097,3168010
3220043,3166952
3226435,3165172
3230630,3161744
3231036,3160461
3231413,3160018
3231842,3159673
3232728,3158984
3233910,3158191
3239217,3156308
3239780,3156128
3242460,3156283
3242896,3156656
3249615,3170244
3249776,3170818
3250122,3171248
3250558,3171622
3251242,3171764
3255244,3172015
3261439,3170703
3263048,3170036
3265307,3168383
3266549,3167190
3267651,3165925
3267948,3165414
3272043,3160360
3289704,3157250
3290991,3157094
3291704,3157239
3300109,3161230
3316277,3172251
3316466,3172829
3315956,3173072
3306752,3174893
3304821,3175157
3298660,3175454
3296520,3175422
3294165,3175156
3286043,3174188
3278887,3172294
3278083,3172205
3276960,3172531
3276420,3172804
3275130,3173838
3274804,3174346
3274256,3176338
3274064,3178607
3274318,3179094
3275028,3179270
3277172,3178425
3280631,3177392
3283097,3176914
3284381,3176757
3285718,3176667
3312522,3175603
3338699,3173627
3344591,3173951
3349150,3174645
3354792,3173732
3356674,3173407
3359988,3172221
3360502,3171947
3363935,3169988
3364368,3169645
3364760,3168327
3364664,3167692
3363555,3162903
3363001,3161794
3357794,3154716
3357211,3154734
3356610,3155753
3356005,3155676
3354943,3154372
3354444,3153299
3353752,3151711
3353017,3148771
3353105,3147995
3354024,3144711
3354839,3143927
3355918,3143507
3374343,3137678
3377820,3138637
3379628,3139342
3380130,3139632
3379682,3143518
3378977,3146224
3378676,3146733
3374447,3152866
3372196,3154510
3371758,3154915
3370638,3156240
3366835,3162185
3366773,3165974
3366775,3166696
3367027,3167186
3369735,3169341
3370172,3169689
3384873,3173730
3386364,3173973
3412710,3173854
3413174,3173515
3414207,3172970
3416066,3172650
3418006,3172399
3419351,3172320
3424561,3172304
3426816,3172489
3439204,3173696
3468137,3177092
3480558,3174687
3486299,3165195
3488869,3154929
3488153,3154081
3487626,3153059
3487195,3151259
3487042,3149955
3487144,3146343
3487439,3141834
3488208,3136546
3488435,3135935
3489050,3134885
3489686,3133931
3490739,3132540
3491096,3132130
3491537,3131757
3492137,3131588
3504470,3122144
3514425,3112594
3521583,3108099
3524651,3106534
3531594,3103598
3534432,3102676
3538605,3101617
3540976,3101033
3554033,3097844
3560203,3096553
3564673,3095871
3567129,3095361
3571964,3094240
3574917,3093458
3576537,3092780
3595500,3084195
3597539,3083145
3599234,3081653
3601079,3079478
3601514,3078253
3601845,3076859
3601947,3075382
3599318,3043759
3597627,3032359
3600382,3018062
3602119,3015779
3607203,3008729
3607513,3008219
3607975,3006995
3609328,3000632
3609078,2999409
3608931,2999194
3608768,2997864
3608986,2996366
3609730,2994628
3611582,2991722
3613037,2989983
3618111,2984825
3620561,2982571
3621454,2981858
3622911,2980119
3623225,2979576
3624050,2977940
3625079,2975657
3627082,2971055
3627182,2970241
3626907,2967592
3626911,2966168
3627239,2964774
3627890,2962394
3628324,2961166
3628636,2960656
3634010,2953844
3634376,2953401
3634875,2953127
3636897,2952100
3646322,2949436
3647641,2949678
3648085,2950033
3648337,2950561
3648332,2951985
3648791,2952184
3649401,2952015
3649818,2951671
3673527,2929644
3674912,2927800
3682537,2915730
3683735,2913648
3690669,2899990
3686531,2897727
3684581,2897113
3682022,2896289
3681766,2895791
3681672,2895149
3682439,2892522
3684530,2887030
3689286,2887379
3689910,2887434
3690354,2887821
3690640,2888321
3690896,2888819
3690990,2889461
3695136,2893374
3695581,2893762
3696069,2893646
3701656,2884526
3702174,2883398
3705167,2875540
3708463,2865233
3710908,2858498
3724366,2836598
3725707,2834652
3726549,2833963
3728513,2832800
3734253,2830061
3738219,2828723
3738805,2828552
3741094,2827831
3746744,2825847
3748287,2825061
3748708,2824716
3749264,2823876
3751044,2820728
3760470,2803884
3761597,2801694
3762035,2800461
3762642,2797653
3763879,2789338
3764112,2787006
3764081,2776897
3764054,2774765
3763565,2764998
3763116,2761782
3762837,2755498
3762789,2743991
3763322,2729102
3764042,2719090
3764705,2715523
3767633,2700421
3768079,2698329
3769805,2692530
3770471,2690710
3774123,2681066
3776213,2676667
3777774,2671419
3779199,2667024
3779921,2665271
3781670,2662109
3782667,2660697
3796954,2643048
3803358,2635877
3805036,2634361
3806395,2633391
3807415,2632839
3810263,2631928
3817337,2630762
3820219,2629823
3821293,2629371
3823303,2628295
3840353,2609644
3840640,2609126
3840844,2608506
3840841,2607805
3840646,2607215
3839754,2605803
3838212,2604146
3837587,2603202
3836106,2600054
3835642,2598264
3835440,2597005
3835340,2595627
3835197,2592143
3834977,2573110
3835164,2565131
3835844,2558593
3836973,2549512
3837236,2548132
3837533,2546722
3838395,2545135
3839110,2544237
3842576,2534990
3846634,2523303
3848644,2516517
3848275,2515373
3847966,2513469
3848500,2507489
3848855,2505319
3849353,2503288
3850563,2500388
3851565,2498969
3852708,2497721
3852994,2497202
3853630,2495372
3855599,2489058
3856157,2486265
3857016,2481170
3858990,2473994
3861629,2465372
3866429,2450284
3875940,2427169
3885701,2404377
3884756,2395247
3882558,2389181
3880492,2379651
3879665,2366262
3877658,2333756
3878089,2309306
3878374,2307924
3878638,2302046
3878603,2300800
3877469,2283987
3875853,2282726
3875247,2282524
3874930,2282183
3874507,2281134
3874464,2280430
3874139,2270433
3874257,2263846
3874298,2262351
3874755,2261140
3875634,2259639
3878812,2250490
3883989,2227994
3885867,2217317
3886666,2212399
3886862,2211806
3890024,2204491
3890314,2203802
3890708,2203217
3891596,2202225
3891767,2201911
3894881,2193920
3896084,2182459
3896261,2180271
3895592,2178632
3894757,2177142
3894147,2176942
3889092,2179443
3888695,2179800
3888411,2180323
3888219,2181808
3888400,2182362
3889734,2184299
3890306,2187876
3891264,2194475
3891222,2195110
3890868,2197126
3890682,2197592
3881810,2208788
3881413,2209144
3881072,2209121
3877412,2205752
3877234,2205167
3878039,2198243
3878265,2197653
3878606,2197198
3880632,2196664
3882353,2198850
3882699,2199256
3883239,2199547
3886646,2196709
3887145,2196226
3887248,2195812
3887180,2195425
3887229,2190603
3885880,2186083
3884591,2171210
3888395,2165469
3893003,2154583
3893231,2153960
3893281,2153199
3891306,2146447
3889271,2144159
3889108,2139682
3890913,2136852
3889867,2133247
3889013,2132459
3885887,2130155
3885276,2129957
3884713,2129985
3883943,2130796
3883378,2131843
3881240,2136007
3884888,2118430
3885084,2117805
3886702,2115422
3891644,2116214
3894905,2117921
3896222,2118802
3895308,2112591
3896105,2108880
3897150,2106684
3898764,2103407
3899816,2102071
3900674,2101360
3909118,2095805
3909603,2095548
3911749,2082863
3912236,2082575
3917937,2078946
3921188,2075035
3925816,2062625
3924771,2061826
3918109,2059720
3917463,2059520
3916832,2059608
3916062,2060422
3915543,2060709
3914615,2061034
3913671,2060624
3911324,2059107
3910944,2058669
3907081,2051288
3905194,2046326
3907268,2042085
3911240,2037034
3911717,2036903
3912166,2037250
3913081,2038677
3913194,2039385
3912483,2040267
3911996,2040556
3910787,2040865
3910066,2040884
3909636,2041241
3908936,2042984
3908953,2043718
3909811,2048108
3911591,2055807
3911773,2056392
3914734,2058107
3915248,2058394
3915893,2058593
3916515,2058664
3919489,2056137
3919920,2055749
3923695,2049921
3925024,2047163
3924938,2046520
3924208,2045677
3923925,2045180
3924003,2044420
3924199,2043793
3928036,2033371
3930193,2029897
3930565,2029442
3931392,2028726
3931695,2028904
3935522,2034981
3936466,2041520
3936551,2042164
3938033,2044554
3939894,2045883
3946607,2046814
3950805,2046885
3951428,2046956
3951612,2047511
3953616,2060481
3953703,2061093
3953750,2061831
3952533,2069134
3951840,2069186
3949966,2069578
3949505,2069932
3949193,2070391
3945864,2078867
3945813,2079663
3946094,2080160
3946608,2080449
3947222,2080648
3951336,2080975
3952692,2080839
3953844,2080466
3967061,2075277
3967579,2075022
3970915,2072903
3971345,2072547
4004514,2039836
4010102,2033629
4014811,2024481
4015285,2022461
4015857,2021408
4017974,2017827
4019239,2016754
4025626,2010431
4035268,1998573
4046737,1984322
4048719,1981431
4051900,1976530
4055478,1970369
4057222,1967237
4059045,1963340
4061983,1957297
4063611,1953995
4064151,1952938
4078226,1926385
4082313,1919119
4079846,1915949
4075154,1915786
4077481,1915259
4079661,1914300
4083753,1912139
4084589,1911419
4085880,1909474
4086424,1908350
4086490,1907262
4084575,1902776
4086980,1894954
4090246,1891777
4091140,1891155
4094428,1883415
4093393,1878436
4094630,1878446
4098892,1880404
4100178,1881188
4100049,1882273
4098667,1885642
4097350,1888225
4095911,1889681
4094138,1891946
4091545,1892337
4090709,1893058
4086988,1902698
4087368,1905837
4088581,1906232
4089970,1906317
4093753,1906161
4094541,1905727
4095260,1904838
4095931,1902147
4096321,1900949
4100916,1893481
4102378,1891042
4109176,1883047
4111883,1870215
4107986,1868986
4104148,1865703
4103602,1864738
4102139,1861534
4102316,1860162
4103212,1859507
4106898,1860561
4109288,1861506
4110433,1862024
4111786,1863841
4112198,1864927
4112120,1866241
4112471,1867291
4114598,1869445
4115733,1870124
4116856,1869419
4126211,1854853
4130864,1841256
4130837,1840095
4129823,1838941
4128726,1838651
4126440,1838582
4125353,1838679
4121661,1838688
4120425,1838616
4119348,1838006
4117920,1830298
4118531,1829079
4125539,1828939
4129004,1835546
4132404,1842666
4131066,1845935
4130779,1847013
4130454,1849279
4130580,1850381
4131180,1851511
4132290,1851577
4133442,1850937
4135525,1848549
4139794,1843103
4140243,1841970
4140933,1841077
4145380,1835864
4146159,1835073
4153247,1829402
4171091,1818784
4176197,1816053
4188028,1809781
4192345,1808066
4199046,1807138
4205861,1805205
4207222,1804554
4208065,1803828
4216305,1792650
4220246,1784413
4220749,1782374
4221473,1781479
4224583,1778137
4228886,1774087
4235501,1769427
4239571,1767238
4240511,1766516
4249299,1759325
4250145,1758565
4250897,1757767
4267378,1736990
4270892,1732299
4274685,1725861
4280958,1715308
4295912,1706945
4302698,1700840
4329343,1674768
4332429,1671528
4338556,1664686
4342898,1659204
4343197,1657888
4343689,1656582
4351507,1643125
4352963,1641318
4353967,1640722
4355696,1639255
4357094,1637346
4359004,1634359
4359547,1633283
4361302,1628982
4363538,1624126
4367264,1613228
4372233,1601414
4375589,1594917
4388993,1563529
4394176,1546522
4398428,1532329
4400495,1532563
4401312,1531821
4402072,1530913
4403626,1525807
4403981,1524553
4406063,1516602
4406180,1514227
4406113,1512952
4405228,1509094
4404760,1508028
4403196,1504757
4400815,1504250
4398793,1503044
4398024,1502127
4397694,1500905
4398215,1498160
4399226,1494036
4402412,1489266
4403172,1488324
4405674,1487009
4406493,1486885
4409185,1482252
4409470,1481059
4407618,1476178
4406024,1472680
4405250,1471861
4399161,1470245
4406190,1470536
4409064,1466137
4410660,1452711
4411235,1446541
4412879,1428092
4412843,1426721
4408757,1419692
4408328,1414307
4409968,1410791
4409983,1405408
4408721,1404259
4407274,1409404
4405025,1415870
4401638,1420359
4400848,1421418
4399614,1421669
4400907,1418095
4400925,1414684
4403876,1411427
4404140,1406074
4405861,1404700
4406078,1403438
4405267,1399590
4403671,1395773
4396433,1368717
4395819,1366216
4395441,1363497
4395374,1361963
4395532,1360471
4395815,1359114
4396292,1352977
4396323,1352196
4395867,1348226
4395866,1345695
4395516,1340567
4394691,1336723
4388316,1316253
4383037,1311982
4382542,1309587
4381980,1299346
4379314,1284147
4378528,1283338
4377398,1281279
4372539,1260350
4372261,1258974
4372248,1257477
4372834,1254700
4372920,1253174
4372670,1251897
4369480,1239395
4359701,1216019
4353923,1204231
4352782,1202212
4349088,1196443
4348400,1195544
4341290,1189639
4338187,1187888
4337096,1187367
4326889,1182739
4322533,1182607
4317345,1182126
4298319,1178152
4288480,1174751
4284532,1174312
4283203,1174208
4280342,1174351
4272740,1176846
4266870,1179004
4265659,1179356
4247959,1180423
4246502,1180380
4240959,1178248
4231230,1176417
4226259,1175886
4225514,1175930
4212935,1176732
4209277,1177950
4201234,1177624
4200621,1177575
4191196,1173634
4188001,1171192
4187244,1170526
4186935,1170034
4186366,1168407
4185747,1167423
4180515,1161480
4178812,1159984
4178368,1159650
4170333,1157017
4169625,1156901
4156881,1156654
4150946,1156592
4149586,1156781
4146726,1156350
4144596,1155200
4141146,1151508
4139775,1149703
4139156,1148722
4138569,1147743
4137149,1144912
4134468,1135486
4132962,1133840
4131801,1132590
4128674,1130036
4127214,1129100
4125557,1128319
4116602,1124305
4110498,1122260
4102647,1121971
4101334,1121682
4097548,1119792
4095615,1118526
4091242,1115661
4090768,1115329
4084288,1109049
4083535,1108229
4082915,1107253
4081234,1103462
4072952,1092916
4060038,1083718
4049505,1076046
4043362,1070226
4041855,1068561
4038842,1065233
4038121,1064418
4034796,1060572
4032729,1058034
4032139,1057062
4032086,1056517
4031087,1053553
4030465,1052581
4021738,1041051
4020789,1040361
4018905,1039844
4016760,1039513
4016219,1039279
4014826,1038260
4012368,1035974
3995391,1014149
3993948,1014091
3991133,1013687
3990464,1013483
3979016,1009954
3978378,1009751
3976184,1008754
3975330,1008164
3953977,992478
3945169,983022
3942078,978287
3938376,975645
3937426,974993
3934621,974246
3930272,974016
3929537,973941
3928295,973570
3927755,973307
3912119,962745
3894390,951246
3893181,950814
3883298,947107
3882759,946845
3871587,939724
3855385,931747
3852944,930507
3842920,923833
3842101,923092
3840408,920849
3838898,919242
3838456,918887
3837377,918300
3824111,911089
3823541,910828
3822841,910724
3801307,907537
3786490,905707
3769066,904387
3765594,904724
3764695,905409
3760316,907222
3754506,908986
3753075,909095
3751706,909174
3750117,909154
3747987,909128
3732572,911913
3718908,912537
3683204,912965
3678065,918423
3678817,919220
3681116,923095
3681451,924298
3681766,927014
3681821,927740
3681457,928965
3680978,929243
3680121,929195
3678357,925805
3677239,923837
3670930,918622
3670394,918395
3663102,916007
3662470,915842
3655233,914277
3654693,914334
3654152,914548
3653195,915136
3652081,915564
3649604,916196
3648907,916220
3640714,915401
3638692,915031
3631659,912683
3629207,911208
3628832,910794
3629090,910419
3630586,909618
3631281,909720
3631752,910040
3632407,910929
3632879,911249
3633353,911254
3633360,910656
3633145,910087
3632769,909674
3631515,908621
3630731,907982
3628910,906671
3625766,904716
3618315,900260
3614534,898803
3612949,899318
3613879,897915
3614138,897383
3614303,896756
3614342,896001
3613967,895588
3612325,895319
3609509,895352
3600543,896767
3596990,897893
3597525,898119
3601672,900616
3602112,900935
3602328,901472
3602280,902887
3601974,904959
3601809,905586
3600773,907713
3600390,908087
3599662,908142
3591557,906230
3587683,904993
3582205,903048
3571712,903283
3571174,903340
3570064,903768
3569587,904046
3568110,906323
3567851,906854
3568261,903937
3568268,903309
3567989,902835
3565037,898249
3564662,897837
3563657,897261
3562963,897160
3561635,897335
3559197,897938
3556977,898794
3556344,898944
3554954,899056
3554229,898954
3543075,896831
3542446,896667
3537449,894546
3523757,884779
3518607,879084
3517267,877346
3516892,876935
3514669,875252
3509187,874669
3505903,875172
3505084,875133
3503793,874870
3503260,874614
3493923,868324
3489665,865090
3489132,864835
3488503,864642
3486018,864087
3485326,863987
3482520,864213
3481827,864113
3480602,863758
3476988,862631
3468385,859394
3463808,856914
3462272,856087
3461675,855894
3449449,853321
3445457,852694
3444765,852594
3442186,852417
3432241,852556
3431549,852582
3428335,853182
3427861,853459
3426875,854828
3426619,855357
3426829,856672
3427761,858087
3429547,862699
3430604,871685
3417945,869920
3401296,868311
3391771,872513
3391296,872821
3390100,873155
3382515,874872
3376537,872324
3376033,872539
3367508,881866
3365670,883880
3354287,897234
3347810,905852
3345467,908171
3345185,908137
3343376,906998
3343193,906372
3343325,905687
3343581,905159
3345791,903556
3347202,903600
3347993,902858
3348342,902424
3348598,901865
3348541,901178
3347234,896424
3346639,896263
3345948,896319
3339542,897137
3338944,897288
3338440,897564
3337773,898463
3337549,898991
3337418,899677
3336586,901510
3335248,903900
3334931,904365
3334459,904485
3330042,903947
3329542,903694
3329233,903223
3329081,902598
3329101,900353
3329332,898983
3329495,898360
3329750,897832
3330068,897398
3337821,892911
3341730,890667
3345827,888518
3346389,888772
3347079,888872
3348336,888633
3349500,888268
3349973,887991
3352688,886080
3353417,885274
3363285,872466
3363603,872000
3364624,869886
3365235,868143
3365123,858433
3365003,857808
3364103,856396
3363665,856081
3361152,856280
3357034,856966
3355870,857332
3354513,858258
3354102,858660
3349340,861557
3345152,863459
3343452,864038
3339620,864726
3338929,864783
3336829,864486
3335667,864664
3327881,869594
3326664,872796
3324649,889182
3322075,907869
3321481,911231
3320320,914806
3319747,915799
3318445,917595
3316161,920723
3314355,922827
3313533,923567
3313061,923843
3305964,928859
3298077,934800
3293046,943508
3282433,953094
3278683,955642
3278429,946234
3278467,945612
3279194,944809
3280170,944226
3282176,943996
3296461,930049
3297033,929057
3297228,928435
3297365,927003
3297310,926286
3292093,924712
3291499,924520
3290938,924265
3290380,923637
3289793,922697
3289642,922073
3289680,921295
3290791,912581
3294054,897250
3294726,895573
3299379,885983
3302878,879498
3302443,875007
3302428,872794
3310934,863198
3318100,856611
3318759,856709
3322398,856456
3324848,856006
3325320,855729
3325892,854735
3327564,849197
3327695,848512
3327521,846421
3327069,843861
3326947,843237
3324068,833301
3323636,832206
3321150,828729
3320777,828321
3319871,827691
3318776,827185
3317587,826835
3313167,826587
3311377,827043
3310811,827258
3299008,838897
3298660,839362
3296792,842122
3294669,845442
3294508,846032
3294247,847402
3293722,841790
3296524,835359
3301987,829413
3312419,816016
3312580,815424
3313400,809538
3313219,808228
3310917,799985
3309097,794551
3307859,791521
3304451,789757
3296472,786629
3290248,789804
3287473,787079
3278562,777097
3279638,768694
3279578,768009
3279175,766917
3278305,765480
3276592,763292
3276218,762885
3274529,762224
3267144,766548
3265700,767413
3265689,769655
3263319,767402
3261448,765432
3265549,759225
3269530,754492
3269795,754325
3271373,753055
3272062,753151
3272720,753030
3272974,752502
3273168,751132
3273143,749669
3272743,747799
3272186,746115
3271812,745709
3271123,745612
3261091,754286
3255491,752799
3245950,749989
3245449,749894
3238397,751638
3237864,751853
3233619,756159
3229123,760898
3228808,761332
3228302,762388
3227890,763537
3227568,765588
3227499,767112
3228738,769699
3229018,770167
3230140,771354
3230698,772289
3231132,773380
3231253,774003
3230938,774437
3224809,779819
3224339,780097
3223242,780527
3219733,781225
3216732,780744
3216017,779963
3214616,778277
3214463,777655
3214018,758407
3215988,751296
3220292,747240
3222241,745009
3222400,744387
3222501,742429
3222385,740251
3222262,739660
3221304,736236
3220902,735146
3219719,733276
3219282,732963
3217343,732490
3216278,732921
3215870,733293
3215618,733665
3215522,734349
3215644,734971
3216236,735906
3216419,737057
3212699,744194
3205069,758556
3204599,758834
3203911,758893
3204077,756531
3204052,755070
3203556,754042
3199191,750450
3198660,750200
3199008,749362
3209314,737652
3205735,732634
3193517,728799
3189390,728505
3187170,728498
3186730,728869
3186256,730390
3186128,731073
3186469,732068
3186780,732535
3187120,733717
3187051,735240
3186704,736450
3185789,738622
3185067,739458
3184503,739642
3183721,739639
3179032,739373
3177658,739182
3177158,738932
3176753,738526
3175058,722244
3173291,717890
3167694,727655
3160160,728127
3158509,726755
3158760,726259
3158918,725794
3159142,724118
3157415,716878
3156081,713676
3155770,713209
3147695,706946
3146417,706073
3145792,706041
3145322,706350
3142720,709384
3141466,710901
3139393,714961
3139795,716111
3140162,718781
3139908,720084
3138656,721166
3137906,721164
3133735,721151
3133294,717643
3129226,709501
3124998,713988
3114338,718114
3114404,716811
3115818,713589
3119778,704263
3122024,692884
3114178,696370
3096590,701753
3093188,702364
3083362,701131
3082584,700354
3082118,699299
3081746,698120
3080905,697436
3079751,697526
3077064,699286
3075687,700802
3075031,701699
3079226,695294
3079540,694395
3076072,682766
3073958,678763
3073274,677925
3072027,677768
3059860,678519
3054774,679872
3051850,676676
3053419,670855
3053799,667572
3053177,666673
3051340,665431
3050217,665522
3046244,672763
3042392,682387
3036771,687176
3035992,686710
3035308,685872
3035031,684664
3035095,683209
3035534,682126
3036253,681291
3037252,680767
3038654,680615
3039560,679997
3040092,679007
3036407,664477
3035286,664104
3023963,669906
3012224,664748
3009272,659018
3007935,657283
3007001,656663
2999935,652847
2998689,652536
2982963,650815
2980035,651739
2979567,652666
2978568,654861
2978567,655634
2979459,663863
2980483,665937
2982848,666466
2987327,669691
2988134,671981
2988132,672878
2987130,676465
2986195,676464
2977086,667849
2972118,658285
2971497,657388
2970502,656830
2969101,656673
2965894,656545
2965114,657750
2964989,659111
2964207,661398
2963052,663313
2962273,664085
2959562,666060
2956820,667880
2951153,670097
2949814,670312
2948600,670310
2948291,669104
2948822,668084
2951159,665800
2951535,664657
2951537,663142
2950918,660699
2950514,659555
2948402,657110
2947313,656645
2945944,656797
2944792,657198
2943765,657722
2936259,662812
2932428,666082
2931555,666854
2930653,667594
2924051,672188
2922962,672403
2921190,671628
2920507,670638
2920135,669741
2919981,668814
2919671,667980
2916846,664608
2915977,663865
2915075,663864
2914203,664079
2913394,664387
2912460,665004
2892566,682425
2886489,691000
2884400,694887
2883963,695936
2883650,697016
2883584,698868
2883800,699764
2884078,700753
2884543,701680
2888814,710212
2887904,714626
2881991,731379
2881523,732428
2880402,732888
2874315,731793
2873166,731420
2872235,730800
2870716,729284
2869568,728910
2868324,728908
2866334,729952
2865493,730630
2864621,731615
2863258,742508
2862782,746613
2862778,748002
2863055,749052
2863985,749733
2865352,749891
2868365,749992
2869423,749686
2870263,749164
2872098,748397
2874274,747939
2876170,747728
2881858,747126
2884624,746917
2886614,746768
2890530,746686
2894041,746943
2896122,747536
2896960,748001
2897860,748683
2898416,749611
2880228,752371
2872770,752597
2867626,758973
2869019,760644
2870007,762777
2870839,765157
2871453,767566
2871574,768956
2871569,770314
2870823,770621
2863100,766554
2862325,765811
2858887,762220
2858362,761231
2857903,758637
2857347,757648
2852281,750228
2851982,748576
2850207,749391
2849269,751546
2846713,752678
2843859,750909
2841064,749149
2837703,752041
2836925,752779
2832464,760542
2827537,768581
2816699,780642
2811552,789541
2810712,790217
2809686,790738
2807480,791595
2806176,791807
2802265,792319
2800744,792315
2798077,791936
2796619,791840
2793185,794366
2788172,794404
2787270,795018
2785808,796617
2778051,807291
2777490,808276
2773423,819145
2772228,824073
2769632,830599
2765795,837521
2760772,846226
2760242,847210
2758835,850411
2758552,851612
2758392,852967
2758159,857312
2758215,858761
2758578,861412
2758294,862613
2756424,865349
2752127,870510
2753867,861179
2754476,855542
2754486,852891
2753906,850609
2752677,847399
2751536,845577
2750399,842707
2750483,836390
2753413,831685
2754191,830917
2755962,829659
2756928,828368
2759708,821997
2759805,820703
2761511,810661
2766040,800041
2774766,785486
2775671,783670
2776203,781976
2776400,777877
2776217,776890
2775692,775994
2774793,775530
2770263,776042
2758779,779278
2756792,780105
2754184,781485
2751636,783204
2749958,784586
2749025,785570
2747811,787446
2743459,791071
2737003,793734
2736073,793947
2735111,794098
2713128,796935
2709940,795171
2709385,794184
2700689,789296
2696355,787714
2695581,787712
2694372,787925
2665916,794630
2661636,796959
2659620,798155
2656795,800826
2655989,801255
2655059,801653
2653200,801957
2649019,802254
2646170,802094
2645025,801937
2643973,801319
2643047,800394
2642894,799562
2643298,798732
2644291,797965
2647328,796926
2648412,796621
2647425,794802
2645667,792059
2644770,791442
2631464,787166
2619897,786483
2605616,800741
2603785,802706
2603629,803321
2603685,806121
2605593,811232
2606055,812279
2610244,821149
2613977,826511
2617249,829688
2617402,830611
2616625,831902
2615788,832361
2614798,832266
2607226,827756
2606549,826155
2607077,825171
2607797,822066
2607862,820620
2607493,819481
2601785,811808
2592388,806250
2591707,806341
2591304,806710
2590932,807078
2585747,814726
2585653,815402
2583951,829609
2583150,841264
2583143,844309
2583232,845755
2583752,848248
2584491,849756
2584830,850219
2585971,851360
2593042,857222
2593505,857531
2595019,858273
2597153,858432
2597772,858588
2598822,859052
2599286,859361
2602029,863460
2601657,863674
2600976,863764
2600265,863670
2599369,863083
2598138,860496
2597768,860095
2597149,859940
2592264,859035
2587845,856593
2584481,853847
2584110,853477
2582200,850058
2580634,845595
2577237,829132
2578445,828827
2581108,827695
2581976,827021
2582908,825639
2583281,824532
2584499,819675
2584982,811033
2584921,810326
2584304,809432
2582760,807922
2573958,799323
2566915,793159
2566147,789960
2563025,787924
2551773,781478
2551217,781231
2549763,781167
2549237,781381
2548865,781750
2542287,792746
2531396,811358
2531179,811911
2530400,814923
2530399,815691
2532963,833128
2533270,834358
2533793,835312
2535305,837007
2536540,838054
2538301,839349
2540647,841568
2540955,841999
2541725,843538
2541723,844122
2541414,844214
2540889,843997
2539499,843072
2534621,838819
2533572,837587
2531197,834631
2530581,833738
2530427,833123
2525827,812424
2526295,809996
2527511,804250
2528663,800071
2530218,795523
2537322,783114
2545729,769015
2546504,768248
2546969,767972
2550183,769791
2552285,771455
2552686,771824
2552995,772286
2553211,772809
2553210,773578
2552930,774807
2552463,775852
2552369,776528
2554437,779883
2554808,780253
2569153,787320
2569679,787567
2570143,787568
2575034,786501
2576489,786442
2577107,786597
2585460,788735
2597927,792235
2598977,792698
2604635,796186
2606616,795913
2607856,795516
2608693,794841
2620729,782620
2621474,781760
2621786,780561
2622006,779177
2622008,777823
2620046,767666
2619646,766526
2619152,765541
2618535,764617
2616990,763106
2612970,759530
2610528,757403
2604974,746473
2604511,745395
2602544,735763
2602391,734409
2602392,733640
2603391,728012
2603609,727182
2604293,725368
2605100,723615
2605785,721032
2606004,719217
2606163,715956
2604583,689928
2603964,689005
2603191,688420
2602231,687865
2601148,687433
2599941,687124
2592757,686810
2586037,687849
2585016,688402
2584117,688985
2583497,689907
2583124,691045
2583278,692429
2583741,693476
2584947,695291
2584945,696522
2580606,701285
2579800,702053
2577910,703188
2576827,703649
2571345,705765
2566235,708342
2564315,709447
2561310,711504
2560566,712272
2560008,713256
2557680,718481
2557030,719372
2556286,720140
2555450,720815
2534515,732566
2533525,733088
2529624,735112
2520864,738606
2517274,739586
2515881,739738
2513282,740196
2510930,740869
2509444,741390
2492789,752436
2489446,755167
2487154,757439
2486319,758114
2479139,761609
2478087,762068
2471589,764703
2470321,764917
2466709,763982
2462898,765891
2458421,765096
2455615,765966
2452852,767876
2450966,770286
2449456,773112
2444934,774521
2442803,771982
2446069,770447
2447243,768452
2447347,764738
2447101,762710
2446577,760865
2445960,760035
2443520,757390
2442717,756652
2441852,755945
2440925,755575
2440028,755728
2414548,759943
2394637,763182
2393338,763243
2393403,759557
2393960,758574
2401722,755693
2404042,754927
2405402,754775
2408060,755176
2408833,755177
2409946,754779
2419657,750793
2420492,750088
2421173,749259
2422164,747232
2423093,746004
2423929,745329
2445767,735209
2446819,734749
2448057,734443
2448798,734444
2451179,735122
2452940,736414
2454392,738013
2458039,741427
2460697,742567
2462521,742876
2463387,742938
2465181,743032
2467129,742942
2468088,742728
2471027,741809
2472079,741288
2479942,734689
2480685,733952
2481242,732938
2481925,730603
2482020,729159
2481345,723780
2479864,719169
2479958,717878
2480423,716803
2481631,714991
2482312,714162
2483705,713241
2486458,713090
2490418,712417
2491316,711804
2504165,700443
2504753,699552
2505094,698476
2504541,694480
2503955,692051
2503801,690668
2503588,686365
2503807,682185
2504494,673610
2504773,672411
2506168,669215
2516417,656649
2517098,655820
2526790,645280
2528555,643990
2531372,642239
2532208,641563
2533353,640426
2534035,639596
2539486,630560
2541684,626686
2543078,623520
2543512,622444
2543853,621245
2544349,618724
2545216,616541
2548623,610854
2551038,607134
2555373,601753
2556518,600616
2559109,598836
2559862,597941
2561565,596742
2562401,596650
2564134,596896
2564970,596742
2566765,595973
2568747,595082
2572710,592868
2574030,591884
2574537,591515
2576147,589608
2577076,587855
2577447,585948
2579058,582996
2580266,581181
2583547,576783
2585529,574199
2586210,573368
2588068,571307
2589677,569861
2590576,569277
2591659,568815
2594012,568138
2597605,567153
2598843,566845
2600206,566691
2603179,566598
2604325,566998
2605316,567521
2606555,567521
2607546,566997
2609280,565705
2610147,564997
2611664,563489
2624328,548686
2629158,542776
2631666,539206
2632750,537236
2639093,525292
2641197,521290
2643053,517011
2645125,513008
2645868,512238
2648841,510635
2651010,509741
2651908,509125
2656428,505920
2660856,502499
2669239,487468
2697352,465694
2698188,465262
2701841,462362
2702615,461529
2705152,458414
2706357,456195
2706511,455271
2706509,454285
2706289,452161
2705882,449975
2705166,448005
2704359,447236
2702685,447485
2699774,449153
2698908,449740
2696119,450360
2688683,451758
2686855,451977
2684562,452134
2683569,451982
2682019,451368
2683009,450320
2686013,449084
2690752,447505
2693106,446886
2697940,446200
2698777,445798
2706733,440241
2707568,439408
2707939,438421
2709123,425668
2708797,417692
2708668,415321
2708322,413042
2707945,410702
2703886,397406
2703327,396576
2702581,395746
2693829,390316
2690076,388631
2674481,383834
2673396,383529
2658899,383162
2651097,384319
2650105,384321
2645830,383653
2643907,382303
2642914,381320
2641331,379508
2639560,376989
2629275,361318
2619612,346172
2607975,310482
2604316,296525
2604126,295172
2603156,291606
2600439,282446
2593280,267702
2584532,249058
2581633,241809
2581007,239381
2577900,225150
2577427,222568
2576729,217188
2576186,211839
2574869,188961
2574634,184041
2574722,182595
2575426,172596
2574621,156237
2574369,154977
2573994,153840
2573465,152858
2572752,152031
2571702,152189
2570871,152869
2569732,154011
2568044,156878
2564916,154706
2564656,143421
2561974,136942
2560885,134948
2555080,127098
2553684,125443
2547111,118366
2545407,117020
2523366,99950
2522378,99861
2521764,100755
2521243,101772
2520939,102972
2520891,106661
2521026,109550
2521498,112131
2522186,114465
2526496,128376
2527307,130617
2529893,137125
2532191,140899
2533507,146274
2527455,137134
2526895,136152
2523155,126266
2515792,130443
2514967,132628
2512820,136571
2512082,137403
2509124,139012
2508447,139303
2508045,139476
2507223,139541
2504992,140439
2502310,141585
2500338,142637
2498613,143933
2497845,144766
2497138,145598
2496187,147660
2495060,152582
2493572,156267
2493007,157198
2491949,158254
2482599,166542
2480688,167654
2479919,168516
2474629,175784
2474169,176830
2473895,178060
2473347,181319
2473046,184024
2472371,185624
2461148,204429
2453950,216245
2447855,225323
2447178,226154
2445668,227694
2445205,227695
2444741,227388
2444431,226928
2443998,226622
2443381,226623
2442301,227086
2441407,227703
2440636,228442
2434020,236731
2433123,239579
2433966,244063
2434121,244647
2433266,249718
2430622,256236
2429883,257773
2426989,262756
2420831,274809
2414673,287599
2410886,295807
2411134,296329
2412406,299583
2412499,300259
2412409,301703
2411977,302748
2410222,306314
2409390,307759
2406399,312371
2397793,323072
2397422,323441
2396528,324056
2384733,331258
2374361,339961
2374115,340515
2373127,341867
2372757,342236
2371367,343159
2367105,345129
2365963,345498
2365283,345591
2362687,345440
2361235,345349
2355457,344310
2354993,344003
2354251,343236
2352920,341518
2352178,340750
2351035,340383
2349644,340231
2348131,340232
2339512,341222
2334724,341809
2336171,335605
2328334,329579
2326187,326707
2325784,326308
2324795,325787
2324116,325695
2323529,325849
2323128,326310
2322974,326924
2322882,328368
2322759,328951
2322512,329504
2322142,329873
2310315,336391
2303150,337317
2302409,337317
2301791,337164
2283285,330573
2280843,327841
2281152,327411
2281306,326797
2280997,326336
2279328,324218
2278989,323789
2278463,323543
2276579,323913
2275437,324312
2274418,324835
2272750,325726
2272071,326125
2260091,334236
2258114,336939
2258208,338382
2257900,339610
2257621,340040
2256695,340654
2239030,352173
2238473,352388
2237794,352480
2236404,352327
2214782,347110
2214164,346956
2199091,341798
2198535,341583
2197083,340754
2192450,336425
2191061,333539
2191926,332280
2190258,330284
2189857,329915
2189332,329700
2186305,328933
2184452,328472
2183772,328410
2182982,328499
2180190,329392
2179572,329546
2178213,329699
2174692,329391
2174075,329238
2173117,328715
2172808,328255
2170895,323035
2170895,322421
2171421,321438
2171884,321131
2172439,320917
2173181,320917
2173798,320763
2174077,320303
2173861,315851
2173799,315145
2173491,314715
2172503,314162
2167717,312871
2167068,312748
2165647,312809
2165092,313024
2163906,314385
2162435,315694
2161014,316523
2160458,316738
2159099,316891
2156875,316829
2154899,316521
2153664,316214
2153294,315845
2142644,304480
2142026,303559
2128715,305763
2126492,306591
2082969,316326
2061249,320483
2059952,320697
2059210,320696
2057883,320480
2043278,313033
2042815,312725
2042044,311956
2041119,310604
2039638,309097
2037415,307497
2036427,306974
2034822,306297
2033617,305988
2032228,305833
2031548,305893
2030034,306659
2029353,307488
2027738,314612
2027644,315288
2018333,325259
2014827,337234
2023659,341698
2038041,358913
2038659,359805
2038750,360480
2038954,374947
2038861,375653
2038644,376175
2038334,376635
2037189,377771
2034499,380410
2033602,381023
2031469,381912
2028440,382678
2027790,382831
2025688,382982
2023525,382827
2021084,382210
2019941,381840
2018272,381225
2015060,379870
2005234,376758
1991298,373025
1980233,372029
1975311,370881
1969196,373306
1963785,373730
1962951,373053
1961469,372221
1958501,371388
1957048,371447
1947059,373493
1946533,373707
1945172,374627
1944770,374995
1944088,375824
1943871,376377
1943004,377820
1942322,378495
1941796,378709
1940497,378800
1930420,376665
1916756,373541
1915150,372832
1911813,370860
1910516,369874
1910300,369505
1909624,366399
1909257,363878
1908548,363047
1907652,362462
1907095,362215
1906477,362060
1905209,361997
1904652,362211
1898245,364998
1894220,367819
1891093,369996
1890628,370303
1890010,370455
1889021,369931
1886365,367252
1885902,366944
1885345,366728
1884758,366573
1884047,366510
1883366,366571
1882686,366662
1880241,367334
1878631,368007
1869618,374202
1868936,375031
1868780,375645
1868685,377090
1868777,377767
1868650,379888
1866630,384743
1866413,385111
1865793,386033
1859839,393740
1858754,394969
1857546,396012
1854635,397606
1853490,397973
1846155,398576
1845474,398514
1843555,398111
1840648,397214
1838916,396596
1836535,395915
1835235,395667
1833162,395448
1832419,395447
1831273,395814
1830220,396273
1818759,401574
1808039,406539
1807975,407984
1807102,410936
1806573,412689
1804738,417546
1804428,418007
1803963,418314
1803375,418467
1790681,417830
1775023,411956
1771804,410596
1762708,421658
1762336,422027
1761871,422334
1760043,422792
1748911,424747
1752309,434537
1752832,436292
1752831,437031
1752674,438416
1752362,439616
1751461,441061
1748822,444566
1747984,445242
1747396,445456
1746714,445547
1746157,445300
1741046,444615
1728746,443147
1727971,443146
1727351,443299
1726358,444590
1725891,445667
1725766,446252
1724615,448929
1723901,449759
1721791,451480
1720239,452248
1716022,454150
1714874,454518
1714130,454516
1712797,454299
1711589,453989
1708306,452690
1707470,452011
1705798,450623
1704561,449573
1704251,449111
1704097,448495
1704657,447510
1705122,447203
1705340,446680
1705124,446156
1704877,445632
1704197,444768
1702124,442270
1701350,441498
1698098,440199
1696394,439610
1681672,436810
1667416,432962
1666394,432466
1665960,432127
1664784,431015
1647146,412485
1640034,403683
1638860,401892
1636789,398681
1626593,395170
1625135,395042
1622717,394296
1621694,393799
1620519,392655
1618353,390275
1617798,389318
1620507,385903
1622969,382303
1623157,381563
1622700,381003
1613699,379777
1612612,380175
1611991,380296
1611309,380202
1610193,379736
1609544,378871
1609093,374367
1609063,373688
1610549,355838
1612411,337989
1612507,337311
1612477,336633
1612119,333054
1611935,332498
1611657,332035
1610448,331660
1606789,331307
1605425,331086
1604836,330899
1603351,330061
1598801,327175
1594624,324290
1594160,323949
1593883,323485
1593144,322001
1592929,321476
1593117,320860
1594428,319045
1594492,318274
1594108,313708
1593987,313090
1590440,300798
1587268,295386
1583731,288490
1583426,287502
1583367,286792
1584199,268285
1584655,263968
1586524,249910
1588009,244797
1593109,230140
1597059,222142
1598591,219775
1600400,217749
1601369,216428
1603556,213202
1603807,212679
1603826,198368
1603643,197812
1602998,196883
1601430,194653
1606606,183982
1620112,173978
1631047,153171
1629660,142125
1616005,123350
1615268,122574
1614134,120654
1613345,118490
1612986,116637
1613253,109331
1619505,100493
1619788,99940
1619731,99261
1619456,98766
1614865,95927
1606665,91211
1591260,85513
1590673,85354
1589962,85225
1587764,85178
1587015,85974
1579453,86780
1577286,86794
1569154,85064
1568567,84874
1566994,84090
1566782,83533
1566517,77883
1569696,75317
1572175,75151
1572856,75249
1573506,75131
1574692,74061
1575349,73202
1575632,72680
1580724,63124
1581336,60106
1583070,48735
1585781,28148
1582431,18400
1575023,12612
1574914,11329
1573134,6407
1571521,3430
1571185,3025
1563103,327
1561807,38
1561034,0
1560475,180
1556563,1563
1556005,1773
1554941,2998
1554405,4043
1553747,4932
1549415,8194
1548887,8374
1548175,8429
1523932,8815
1522446,8801
1521086,8571
1520469,8380
1519945,8128
1519053,7470
1518256,6721
1517732,6469
1517052,6339
1508263,5757
1506278,6046
1502696,7114
1504160,7230
1505551,7460
1507436,7942
1508022,8133
1510212,9113
1511103,9770
1511440,10175
1512254,12346
1518676,30508
1519250,32150
1519635,34007
1519597,34779
1519214,35980
1518961,36502
1517766,38406
1511676,46998
1511017,47888
1508389,50644
1504327,54252
1502396,55346
1490657,60892
1489538,61283
1487674,61636
1486218,61623
1484914,61796
1484568,62226
1481134,68158
1480436,69790
1480053,70992
1479878,73215
1479920,75348
1479667,75871
1477313,78940
1475433,80994
1473554,82955
1473086,83229
1466003,84308
1454229,85807
1452866,85578
1436833,84159
1417481,94710
1416045,95562
1415323,96360
1414785,97407
1414393,99384
1414442,100746
1414947,103226
1415027,104619
1414766,105978
1414413,107182
1413368,109276
1412769,110230
1410265,112311
1409796,112585
1409265,112797
1403046,113389
1402362,113413
1400722,112717
1397530,111789
1393929,111353
1392997,111313
1386986,112587
1385641,113503
1383695,115404
1382688,116726
1381266,119158
1380358,119800
1376605,122149
1370621,123578
1369967,123696
1369221,123658
1367015,123451
1366458,123198
1364879,122439
1364447,122094
1362342,121083
1361659,120952
1360197,120969
1353987,122985
1353457,123196
1351101,125435
1350439,126327
1349216,127400
1348338,128073
1347838,128347
1346183,128951
1344344,129305
1342942,129384
1340271,128862
1338440,128318
1334904,127105
1330253,125416
1328146,124403
1323714,122530
1316676,119730
1314876,119154
1312794,118822
1312016,118783
1310614,118862
1310021,118980
1309458,119191
1299646,125479
1299299,125941
1298813,127828
1292886,134716
1290834,134385
1284856,133921
1284139,133944
1278241,134722
1277617,134839
1275959,135443
1274578,136360
1274007,137347
1273876,138029
1272023,148500
1271853,149957
1271963,151355
1272571,152975
1274334,157524
1275706,160672
1276314,162292
1276645,163474
1277682,169132
1277686,172018
1277069,174619
1276715,175826
1274903,179471
1272567,182584
1272189,182953
1270654,183715
1260946,188064
1260259,188089
1258794,187951
1256801,187529
1255494,187237
1248385,183413
1247643,182630
1228724,161476
1221118,151486
1220354,149986
1219613,149201
1219179,148855
1215248,145829
1214349,145167
1213821,144913
1210498,143416
1208820,142714
1206983,142165
1204398,141578
1201466,141421
1200778,141476
1199803,142056
1199077,142856
1198689,144064
1198548,145493
1198253,146796
1197764,148687
1197214,150516
1196253,152682
1195936,153145
1195433,153419
1193084,154078
1190928,154117
1188469,153375
1186884,152612
1186419,152265
1184967,150663
1182839,148182
1181113,146079
1178977,144344
1177668,144050
1175640,143809
1174204,143669
1152812,142181
1152123,142235
1151589,142447
1145652,144901
1144615,145387
1142119,147507
1141771,147939
1141515,148465
1140786,149266
1140313,149572
1139215,149965
1136142,150646
1134828,150662
1132829,150265
1130462,149459
1129499,148856
1129128,148447
1128608,147444
1128426,146882
1127752,143074
1127547,141825
1125141,133729
1122953,128375
1122710,127811
1121671,125836
1120930,125017
1120496,124700
1110274,121395
1107155,120577
1097401,119768
1093081,119682
1091734,119852
1089881,120233
1087648,121047
1085766,121397
1082502,121854
1073906,122960
1071807,123089
1069551,123060
1068928,122865
1068028,122198
1067318,121315
1066704,120371
1062945,111505
1062571,110613
1061154,108909
1059322,107667
1057268,106547
1054623,105263
1052941,104553
1052347,104389
1050252,104048
1048718,103965
1047997,104017
1046741,104250
1045761,104798
1045441,105262
1045276,105884
1045141,106569
1044954,108784
1044788,111716
1045013,113717
1045596,114693
1045966,115072
1047300,116089
1047831,116346
1051631,118082
1053378,118699
1054278,119366
1054861,120310
1055072,120875
1055732,123224
1056837,127358
1060136,133986
1060902,135493
1061974,137473
1063235,139329
1064316,140529
1076413,153156
1082914,159783
1084250,160765
1085244,161369
1089015,163097
1093440,165019
1099913,168709
1112260,181780
1112939,182754
1113335,183849
1113605,184786
1113859,187469
1113882,188186
1113580,190239
1112894,192756
1112228,193621
1109793,195839
1109127,196705
1108615,197759
1107869,200182
1107574,201488
1108631,211534
1110881,227730
1115973,242641
1117392,245021
1123744,256169
1129747,268337
1134756,280026
1134970,280588
1134990,282052
1134264,290766
1134133,291450
1133780,292662
1131488,297378
1130060,299859
1129711,300292
1128438,302930
1128054,304142
1128018,304889
1128038,306353
1128278,307601
1129209,308947
1130269,309453
1152316,314001
1154474,314265
1157860,314015
1180456,313325
1203466,314694
1204154,314792
1205277,315234
1206273,315832
1206924,316706
1205575,331960
1205286,333233
1204970,333697
1203014,336483
1201683,344557
1201492,345178
1200551,345732
1199360,346067
1190750,347446
1185494,347353
1184743,347317
1184086,347437
1182957,347773
1177593,349980
1177122,350257
1164737,359269
1162406,361558
1152715,364335
1141064,364174
1139214,364568
1136295,365423
1134190,366345
1132744,367209
1131925,367921
1129910,369747
1129184,370552
1127385,372722
1127034,373935
1126935,374620
1126880,378886
1127094,380196
1127266,382969
1127231,383747
1125783,397102
1125654,397787
1124855,400897
1124064,402451
1123494,403445
1120306,407978
1119644,408878
1102846,420330
1092600,417665
1091881,416882
1090912,416317
1090285,416127
1088748,416057
1087648,416457
1073581,424533
1072134,425400
1071315,426145
1070019,427917
1069450,428913
1068657,430469
1067957,432899
1067512,434052
1067258,434550
1066280,435918
1065397,436570
1053810,444074
1051385,445406
1050253,445839
1049624,445961
1048460,446144
1047770,446203
1046324,446041
1044132,444347
1041971,442652
1041063,441993
1040466,441835
1039837,441957
1039303,442173
1026007,449833
1018757,454834
1009095,457078
1008371,457107
1007772,457261
1005850,458410
1004586,459436
1003607,460777
1003100,461838
1002750,463055
1002073,467178
1002003,469460
1001453,473678
1001070,475645
1000688,476863
999770,479048
998126,481387
997180,481947
994282,482845
993054,483091
991481,483024
990097,482832
987895,481887
986669,481540
985915,481506
985284,481629
983771,482500
982255,484059
976158,490984
975273,492389
974765,493451
974575,494077
974286,496140
974280,498048
974309,499519
974179,500957
973988,501582
973735,502114
969975,507642
964958,511072
964485,511352
963948,511570
960577,512751
959946,512875
958496,512747
957333,512306
956609,511522
955541,510268
954474,508293
953848,506664
953222,504941
953255,504159
953511,502876
954431,500687
955758,498875
959042,496005
960276,494131
961290,492006
961735,490880
962025,488816
961967,486656
961722,484653
961567,484027
960596,481989
960000,481049
958306,478915
956078,476529
952649,474483
951359,474197
944993,474394
936763,475023
935502,475270
920719,483490
916544,487049
915341,488142
914613,488955
913567,490237
911667,493020
910559,494208
909294,495239
907365,496393
893052,502656
891913,503092
890619,503245
873380,501473
870539,501151
869908,500961
867574,499417
816601,455852
807156,447717
805622,447693
805308,447688
789584,451641
787679,452325
783780,453093
783622,452998
782778,450665
782405,442448
782417,440182
783201,429704
783430,428258
784077,425680
785265,422980
786105,414582
786114,413197
786022,412504
784674,402898
784378,401793
779773,389329
774453,379815
769651,373640
769337,373259
768486,372623
767445,372080
766219,370842
762994,365684
762431,364671
757750,355404
756542,351960
756147,350004
755686,348141
754845,346495
753771,346045
745365,342853
744700,342690
744096,342842
736137,346336
735053,346957
734034,347579
728450,351253
726568,352498
725704,353185
716874,361819
715634,365942
714766,367481
714124,368328
705375,378706
704990,379082
703359,380617
700803,382713
699908,383306
698886,383930
694105,386168
692131,386690
688279,387514
686308,387816
684050,387799
682781,387569
681639,387245
679894,386600
679292,386374
677965,385417
676797,384176
674533,381030
671111,375094
670266,373571
669799,372334
668661,367426
668451,365939
667128,364284
666278,363424
665361,362784
663680,362169
658760,360863
656247,360842
652738,365809
651537,368519
649161,374984
651893,383798
652940,384280
653639,384380
654946,384137
655773,384143
656852,384468
658405,385270
660981,389716
583469,388908
551960,388502
536205,388314
521471,388195
520440,388187
517768,386290
511001,384422
500652,381600
499884,381593
499243,381715
483162,385909
474284,389912
473159,390316
471844,390465
466338,389762
466774,391188
466294,462967
480593,463009
492675,462434
513209,467086
519361,465463
520550,464610
523791,462973
524971,463392
532247,467178
533424,468200
536640,471265
537500,472127
547123,486842
547056,487636
544966,499600
544741,500139
548700,511520
548794,512219
548633,512695
547926,513709
547351,513929
538996,515471
530111,514928
529984,514451
525292,510846
511368,501899
510378,501355
509738,501194
509033,501255
507783,501537
485018,508143
483832,508521
476734,513275
471688,516827
471206,517112
456804,517357
450289,517339
449584,517273
448877,517334
442744,518114
442611,519453
442461,527234
442202,543658
442062,550706
441688,569459
441333,585948
441106,596059
441047,604032
445258,609323
454868,620278
456057,621456
477127,637793
478668,638586
479341,638744
481618,638834
482932,639086
484601,639814
490023,642253
490567,642506
491338,643269
493136,645237
493363,645778
497080,658178
497179,658878
497020,659483
496037,662477
494957,665281
494447,666365
493588,667863
492693,668535
491926,669333
492384,672005
492869,673085
502328,691820
503100,692612
504032,693245
505123,693717
507208,694821
508621,695769
513250,699754
513480,701089
513259,701631
512428,702465
513465,704523
513854,705698
515952,715512
518552,728565
519956,738348
519992,739079
519841,740479
519373,742357
518647,744015
518364,744462
517730,745420
511546,760652
503856,805158
496052,850703
494580,859344
492627,870347
491610,876343
474874,977997
465649,1035637
459327,1068878
459152,1069678
457732,1072122
458557,1075046
457822,1076655
457023,1078234
455848,1080203
454755,1081502
451981,1083505
451214,1083852
450871,1084007
450168,1084086
430635,1083749
429770,1083647
423412,1079101
418679,1075051
417435,1073863
417028,1072850
417290,1071567
418204,1069313
418368,1067872
418240,1066374
417893,1065104
416069,1062171
415189,1061487
404016,1060983
402545,1061173
401431,1061675
398910,1063901
394962,1066861
385278,1068888
380771,1065401
380015,1064521
365507,1063709
364157,1063673
363043,1064177
359076,1066567
357144,1067889
356290,1068612
355734,1069681
352497,1075996
352303,1078754
351990,1079943
343414,1091223
342036,1091446
333419,1091514
330795,1089458
329345,1089331
317976,1089078
305069,1091828
304008,1092320
293507,1098088
263263,1107877
261906,1107846
253699,1106271
251308,1105990
235701,1108751
233338,1109659
219007,1120959
207483,1130670
195346,1137926
193204,1138952
190234,1139257
187673,1138556
184853,1139079
179101,1141978
177595,1143795
177407,1145189
177493,1148319
177082,1151075
176528,1152124
175809,1153048
175055,1153877
167754,1160509
151627,1170180
135581,1177247
132120,1178740
124621,1183139
119339,1188900
117568,1206317
113161,1221067
112879,1222372
112763,1223834
112813,1225388
113796,1227689
114476,1228639
114996,1229659
115456,1230875
115566,1232232
113839,1243921
113556,1245226
110798,1252026
104206,1261616
100357,1265865
94944,1271793
86731,1288563
85388,1291856
84228,1297545
84832,1300768
85391,1302695
86109,1304584
92249,1314384
98243,1329763
98634,1331532
98437,1334913
98112,1338331
95838,1343316
94109,1346464
91929,1349630
90680,1350944
87828,1352678
80898,1353923
79281,1354083
77290,1353837
74055,1354126
71959,1354501
70106,1355753
45787,1373686
44842,1374440
35260,1382611
27689,1391422
26572,1393488
22214,1415558
22964,1420425
25122,1421847
25529,1422219
32259,1431789
34903,1440135
34704,1441511
34471,1442107
33359,1443427
32484,1444182
30795,1444941
30153,1445100
29409,1445199
8302,1448823
8505,1457550
9045,1458666
9205,1459310
9210,1460125
9078,1460783
6430,1468240
5993,1468652
4947,1469255
4237,1469353
3485,1469290
2667,1468996
1512,1468828
870,1469021
364,1469371
95,1469840
0,1470595
129,1471306
385,1471881
792,1472253
1766,1472892
4435,1474267
9493,1478105
17298,1485037
18055,1485914
19066,1487365
19733,1489125
20428,1490069
20838,1490473
22250,1491481
24005,1492180
31387,1494402
34670,1495126
35826,1495559
36295,1495862
37145,1496668
37839,1497612
38285,1498828
38578,1500181
38497,1503277
38402,1503997
38271,1504655
37438,1506224
36470,1507703
35698,1508522
35228,1508870
34623,1509127
33915,1509226
33258,1509095
29784,1507732
29066,1507669
28495,1507924
28162,1508429
28035,1509868
30128,1516866
31047,1518384
31488,1518786
31989,1519087
33710,1519752
36989,1520471
38149,1520936
44097,1523835
44598,1524136
45355,1525011
51273,1535294
52035,1536948
56936,1550822
59026,1556993
59725,1561251
60050,1562535
60305,1563107
61000,1564048
66888,1567814
75782,1573442
83237,1590279
83840,1591320
91375,1598336
92375,1598934
94338,1599385
95779,1599148
96524,1599207
99139,1599786
102096,1600802
103691,1601661
104598,1602329
105352,1603198
106741,1605106
108048,1607893
108209,1608534
109362,1611458
110719,1613367
117779,1623215
118126,1623683
119008,1624480
119507,1624778
124174,1626479
125235,1627072
126081,1627838
130052,1632881
130533,1634055
131943,1640073
132404,1642057
132447,1642865
132500,1644482
132383,1645947
131914,1648629
130778,1651477
124650,1660914
114154,1672252
109887,1676120
107670,1677995
106910,1678816
106325,1679886
105422,1682176
104830,1683734
105603,1683724
130798,1682718
144535,1682128
146969,1681930
159766,1681396
174164,1684466
197979,1687549
200934,1688230
202172,1688584
209393,1692331
210360,1693022
216203,1706394
216366,1707030
216171,1709914
215890,1711220
215442,1712438
214879,1715019
214755,1715671
214711,1717223
215679,1718526
216084,1718923
217634,1719742
219369,1720422
220694,1720672
224126,1722001
225525,1722990
225902,1723453
226470,1724454
227490,1726753
229390,1732230
229494,1732934
229427,1733486
227840,1740638
226132,1746153
226150,1746475
230969,1746303
241484,1745720
