708147,447400
711927,441834
722573,436975
729666,425626
734419,421062
742301,423108
751679,416774
751305,415763
750629,414908
749862,414147
749277,413230
749059,412679
748991,412003
749137,411386
755421,402650
756141,401812
758071,400685
759309,400119
759977,400196
760697,399366
765853,399220
772135,399337
772834,399392
775267,399919
775574,400223
776848,403039
777023,405129
777181,405743
778008,406441
779775,406976
780472,406937
793701,403774
800985,401075
807350,400354
808048,400284
809356,400515
810094,401306
810553,401608
811823,402060
820895,403299
821654,403320
822987,403119
824045,402675
824620,402272
825368,401705
828098,399055
843363,382360
850104,378053
851426,377081
855798,372804
859163,363860
864618,350637
865196,349639
864547,348777
856625,338250
827461,299067
828820,296648
829535,295837
830618,295392
838626,292449
845637,291888
847698,292136
848807,285039
844787,272629
842551,268536
836502,261973
836104,261579
835218,260945
832144,259388
819340,257750
812770,261224
806771,271459
774837,269521
746734,246313
724263,227892
712762,226596
710324,224037
710284,219240
710179,191998
710229,188123
712396,187978
715898,188956
719105,190367
722857,192018
730350,194274
730954,194421
739985,191275
741057,190828
742083,190179
741408,189321
738451,186156
737600,185458
736936,185374
736214,185413
734983,185703
733843,186085
733151,186155
729617,185179
724509,183359
714459,178023
712811,175857
712565,175337
712429,173893
712451,173124
713004,171366
712878,170752
712356,169773
710700,166839
710395,166381
687669,155448
670188,153921
669220,153284
668826,152919
667704,151761
667399,151302
658183,135213
652661,128683
640315,105793
640190,105179
640510,103947
640746,103422
641755,102123
644402,99427
644728,98963
646354,92586
646499,91970
645891,91053
643645,87814
636710,79110
634039,78640
627155,72254
622422,67942
619917,61507
626080,41787
627769,36087
622523,26877
623170,25489
624116,24129
624887,23385
625899,22854
626670,22110
626966,21647
627201,21123
626942,18074
601591,9491
575040,466
560004,8541
553838,0
523794,178
523564,134
493782,27071
486142,34074
484018,33280
459811,39463
455190,42481
421107,64697
410389,66839
396411,65993
388506,67516
388134,74643
387558,78328
387221,82137
386765,85946
385631,99247
375180,103112
374771,103248
359953,95866
356152,94012
354177,93145
344956,90534
337263,88385
335197,88070
321676,96401
316584,101878
298289,114140
295623,119073
288701,138670
288544,139929
288486,150438
290529,155827
291180,157766
284344,160217
282600,160638
267371,154246
255309,151739
250282,152964
248455,169147
249827,175120
252220,190256
252554,194377
252709,198188
237349,199280
235151,199325
232321,199366
231212,199358
230906,199355
230124,199540
229692,200606
229657,201374
230039,202545
230734,203358
231230,204367
231816,206523
231860,208737
231460,209871
230826,210785
230345,211479
229353,211030
228923,210835
222694,210050
219772,210150
219171,210023
214012,207338
210959,205008
192795,189861
179987,180570
180389,179437
180245,178820
174694,174093
174245,173782
173605,173659
172291,176714
153443,197802
153017,198197
152108,198772
151473,198919
148948,198524
148403,198733
143754,202466
135501,210619
135194,211077
133228,214469
132734,215540
132726,216278
132961,216834
139125,226681
140015,228074
141475,229689
141924,230001
142465,230222
145190,232096
145875,232933
146407,233953
146841,235772
147890,248145
146589,254405
146432,255018
145070,258264
144704,258629
140915,260189
139674,260484
137499,260615
117947,259419
117783,260555
117186,265377
117177,266115
117321,266732
119203,268691
119621,269064
120132,269285
120828,269231
121971,269613
122809,270330
123167,270703
128958,280022
128951,280637
128429,281462
127240,282434
125840,283341
125137,284164
123571,286423
123047,287402
122244,288931
120977,291501
121328,292643
123026,306316
115918,309131
106361,317177
100327,326338
100109,326858
99634,328698
99536,329374
99225,331923
92115,332335
65428,338018
50450,341492
46314,342670
43299,343770
42841,344072
40727,345798
29168,355803
27509,361968
29423,373197
33448,383315
34586,384499
35181,385399
36527,389387
36517,390156
35655,398239
31176,421051
30971,421633
25272,433812
23702,435331
21864,436508
19143,437643
17464,438237
14843,438665
7232,439398
5372,439835
4852,440074
4511,440532
4501,441301
4605,444936
4687,445645
5376,448763
8912,459953
9149,460480
9746,461411
11247,462939
12327,464184
12770,465267
12760,466036
12591,467388
12371,467909
8838,475283
7521,479886
6842,481446
6363,483256
5520,489741
4246,501393
145,511421
0,512022
52,512700
5282,521077
5643,521451
11891,526545
12829,527172
14014,527494
16265,527890
19871,527102
23265,526218
27549,524729
30262,524699
42067,526402
42736,526502
43282,526724
43643,527128
57779,553343
62099,566156
75119,575823
79813,579375
79990,579992
80680,584428
79849,585097
78632,584778
77839,584770
77227,584918
76857,585284
77004,585900
81025,589815
88766,594163
93921,594456
93926,593841
94145,593320
94727,593079
99406,591830
100018,591682
109598,595211
119300,598922
129211,603278
129667,603589
130971,604583
131732,605392
132033,605268
135007,599696
135422,597332
135427,596717
136853,590026
137713,589356
138173,589053
152300,580247
152911,580098
162465,582721
173240,576590
176637,574646
177097,574342
178263,573175
179210,572789
192737,568916
193958,568617
198534,567848
205762,566695
206524,566700
232763,570665
253102,572830
262360,580095
277056,592141
277784,592882
278996,594730
279540,595746
282711,603224
284276,608330
284729,609407
292161,619450
297567,625828
299939,628079
300852,628697
301918,629161
303199,629104
303749,628891
304912,627758
305525,626839
310306,619465
309913,618836
308451,616553
307424,615234
306664,614463
306238,614155
304413,612920
303865,612703
302496,611685
301767,610853
301161,609929
300949,609375
300860,608699
301051,606580
301205,605966
301915,603604
302160,603082
303883,600510
303359,600291
302903,599982
299652,596991
299349,596529
299199,595914
298481,592103
298484,591335
301708,584373
302106,584006
300452,561237
298552,556346
298402,555731
298629,544089
301177,538139
299100,532172
294396,521678
288111,504632
285473,495927
285531,489599
284308,483746
286420,480785
286726,480326
294298,464137
294695,456213
294668,451290
305491,451341
353018,451585
386733,451742
415440,451771
432677,451776
433273,449728
434406,448674
449188,448876
454313,451831
485084,451981
484899,450231
484960,450139
496461,450149
505718,450990
518588,451912
530017,451909
530154,452924
531377,456208
531682,456667
536280,461230
536766,461413
537675,460796
564469,442176
572906,435505
572692,434984
572868,433601
573047,433078
584890,435451
587862,436121
588686,436202
594426,437341
609736,440396
625019,443444
628180,444132
649851,448390
659398,450292
659705,450751
660755,453295
660427,454189
659451,458006
673263,452714
677109,451334
683486,451194
693052,451119
704645,451086
