289955,747196
290311,746710
293272,741870
294692,738284
295277,736006
295499,735300
297707,730894
297925,730529
299583,728619
299952,728194
300695,728027
301662,728391
302404,728533
303871,728413
304410,728019
305224,727201
305913,726162
306318,725271
305444,723362
305253,722614
305253,721963
305273,721406
306101,711500
306379,710423
304172,693754
304044,692915
303820,692039
299620,685361
299206,684979
297868,684694
296460,684716
294043,685173
293342,685492
292730,685908
291691,686774
287367,693146
287202,693451
286956,694060
286814,694708
286797,696226
286833,697004
282843,705978
282730,706161
282475,706368
281808,706218
277641,704132
277988,698902
279235,695355
279138,694978
278773,694436
277095,693437
276428,693285
275796,693289
271041,693856
269724,694261
267842,694980
267129,694914
266491,694295
266142,693812
266025,693061
266011,692346
266138,691607
266565,690479
266876,689843
267879,688185
273187,680052
275913,676446
276343,675969
276577,675356
276636,674616
276258,669355
276163,668669
275964,668163
271877,662551
270983,661517
266890,659706
266371,659526
261804,658297
261141,658137
259500,658546
257983,659425
254114,661967
252094,663650
250497,665790
249883,666807
249222,667917
248737,669160
248016,670980
246737,672484
243507,675663
243040,676005
242336,676363
241813,676173
241461,675715
241493,675220
241735,674615
245860,667427
248588,664430
249010,663959
249623,662943
249629,662288
249173,661763
248715,661487
247470,661254
246188,660863
245664,660672
239759,657890
238183,656943
229390,653070
224787,652341
218362,656640
212807,659997
212108,660341
210452,661595
209934,662047
207985,664051
207745,664030
206868,663390
206124,662296
205956,661938
205439,660490
205395,659800
205436,659243
204287,652409
202782,651459
201919,650568
200063,648180
200544,646950
202129,645698
205352,647591
207181,648849
215516,648435
218321,648269
221851,647565
224712,646985
224891,645849
224930,645355
224932,644733
224916,643394
224836,642766
224615,641877
224298,641573
223130,641635
221050,641527
218720,641395
217482,640824
216591,640095
212731,634748
212116,633885
211924,633151
211870,632618
211832,631837
212740,629457
213004,628920
213594,627821
214168,626658
214322,625986
214541,623422
214524,622704
214409,621948
212275,616247
212064,615761
211809,615334
210724,614831
209855,614159
209538,613540
208998,609503
209111,608362
209669,605860
209865,605100
209920,605013
210259,605075
210670,605455
211060,606052
211394,606766
211634,607411
211782,608638
211400,609910
211340,610341
211319,611524
211414,611875
211838,612350
216395,617889
216230,620396
216360,624078
216375,624454
216670,625008
217570,625738
219630,627658
220817,628938
221212,629563
221613,630249
221892,631049
222116,631939
222173,632472
222177,633749
222290,634194
222627,634874
222995,635433
223511,635911
224607,636527
225969,636883
226689,636940
227301,637176
228664,638495
228833,638849
228977,639451
228981,640728
229182,641209
232043,644129
234425,646388
234943,646859
241946,651202
251924,654446
252493,654542
253260,654432
253963,654101
254931,653227
255666,652089
256039,651675
256579,651303
257193,650934
260311,649833
261740,649880
262279,650125
265589,651664
268468,653079
269712,653637
270957,653882
272518,653799
273410,653560
274201,653286
275616,652634
277622,651169
278544,650153
278880,649608
279083,649151
279310,648446
279846,647136
280434,646043
281364,645026
281884,644581
282496,644202
283293,643922
283781,643941
284651,644595
284694,645061
284639,645463
284449,645983
283058,648939
281819,651217
281635,651738
281762,651959
282432,652110
283153,652138
284048,651925
285312,651289
294981,645165
296161,644237
302819,633349
303156,632768
303998,631051
304066,630743
304124,630000
303839,627947
304057,625038
306014,623688
309477,620540
309668,620327
309790,619586
309661,618747
309250,617745
306466,613870
306003,613270
305131,612320
303768,608781
304891,602266
304900,601646
304820,598203
304580,597547
304280,596980
300486,591299
299686,590966
297663,590752
297147,590582
296345,590217
296033,589897
294249,587203
294058,586452
293930,585612
294082,584933
294321,584353
298095,575817
298639,575770
300362,576658
300849,577012
303208,579183
304100,580230
307757,581932
319476,582362
320360,582158
320974,581763
321625,581522
322409,581470
323590,581825
324508,582609
324878,583141
325078,583948
325212,584786
325474,585223
326435,585913
327606,586481
328221,586735
328890,586862
330503,586718
331370,586102
331802,585579
331836,585114
331910,584774
332433,583691
332973,583321
333597,583013
334440,582893
335010,582987
336740,582619
337849,582031
338367,581566
338982,580541
339162,579395
339407,578155
339743,577596
340259,577163
343541,574829
344152,574454
344859,574110
345586,574168
346921,574470
350969,578348
351419,578839
352420,580658
354327,575987
354990,574862
356090,573268
356960,572326
357313,571857
357646,571295
359736,566425
359962,565741
360254,564402
360236,563691
360087,562794
359715,562241
359141,561848
356522,561172
355869,561087
349952,560436
338104,558221
335725,557537
335204,557350
334652,557039
330211,554445
329643,554040
329558,553418
329877,552148
330122,551529
330875,550481
331414,550111
335998,548238
336503,548053
337280,548022
337874,548177
338505,548489
339542,549170
341401,549973
342123,550032
342963,549907
343703,549719
345204,549093
346044,548964
346765,549021
350681,550170
352579,550802
355471,552287
357702,553621
358370,553767
359205,553631
359910,553278
361466,551949
361895,551446
362227,550882
363967,545238
364072,543810
364223,543126
364388,542533
364798,541966
365946,541509
366725,541493
367340,541728
367894,542057
368619,542102
370939,541304
371476,540918
371698,540231
371978,539137
372119,538483
370694,534333
366566,530487
363353,528041
362611,527621
361368,527364
358711,526850
355483,526245
348840,524298
348298,524023
347873,523592
347682,522849
347591,522168
347554,521363
347309,520714
344670,518713
344250,518558
343638,518344
342854,518378
341965,518598
339662,519501
338068,519718
335713,519776
335213,519652
334843,519433
334653,518999
334673,518442
334711,517977
334861,517604
335787,516926
339647,515007
340348,514664
341075,514726
346696,515757
347382,515969
347933,516306
348435,516736
349386,517689
350295,518487
350854,518824
352564,519333
353863,519473
361651,518769
365826,517512
366461,517188
367036,516648
367368,516082
367788,515576
368516,515313
369312,515356
369981,515495
370478,515917
370649,516594
371191,516550
371710,516102
374857,512607
375192,512070
376710,509329
375943,505320
375072,504381
374714,500764
374679,499959
375208,498021
375637,497513
377105,497408
377720,497014
377863,496329
376771,484140
376581,483402
376247,482699
372069,479902
367354,477445
364924,476256
364406,476051
361290,476205
354191,477119
350257,478433
348049,478421
346843,478026
346303,477750
345872,477629
345303,477540
344724,477759
342613,479721
342296,480032
341652,480902
341299,481708
341228,482049
340851,482453
340238,482206
339847,481586
339810,480811
339888,480161
340109,479478
340777,478361
341625,477368
342483,476371
342911,475874
343519,475469
344318,475188
347636,474269
351899,473052
352701,472766
353406,472448
354014,472037
354347,471474
354589,470883
355603,468016
355343,467617
349816,464734
341889,462081
340554,461774
335046,461182
334468,461119
333541,461176
329149,462825
327742,463496
326610,464354
325997,464721
324498,465356
322770,465706
320380,465892
317040,466426
313537,467539
313051,467809
312182,468751
309180,473120
308845,473669
305990,478654
305680,479297
304232,482949
303659,484764
303268,486024
302940,487225
302918,487781
302718,488241
302087,489184
301659,489359
300952,489369
300494,489106
300156,488725
299951,487911
299947,487260
300138,486119
300323,485598
303433,478833
305863,474339
307840,470638
307988,469959
307992,469306
310456,466264
311308,465261
313036,463652
313327,463254
313235,462571
311661,459407
311376,458936
310747,458612
310078,458472
307852,458419
305630,458641
304829,458620
303753,458094
302174,456496
301174,456279
298600,456386
294702,456906
292494,456887
288543,456548
288304,456197
288986,455788
289877,455575
292996,455416
298242,454357
299821,454036
301102,454416
302265,455010
302672,455363
303695,455981
304328,456279
304994,456454
306439,456553
308888,456242
310372,456183
311417,456547
311765,457021
312582,459333
313047,459932
313606,460284
317056,462085
317782,462129
318444,461023
318778,460471
319204,459983
320796,458765
321408,458402
323623,457440
325118,456837
326805,456325
328438,455906
331998,455031
335212,454300
336040,454178
337343,454304
338622,454708
341901,455540
343912,455967
345076,455931
345910,455802
346414,455581
347044,454957
347393,454459
347705,453837
347764,453123
346595,450963
346107,450624
345440,450473
344551,450695
343995,450667
342735,450362
340400,449530
339260,449095
336609,447638
335996,447420
334607,447198
331754,447125
328043,447098
324630,447033
324053,446933
323444,446677
318547,445399
310795,444038
309342,443910
307730,444089
306936,444379
306306,444672
305694,445089
303633,445994
302652,445841
302152,445392
302153,444772
302337,444251
302613,443794
303041,443278
304207,442600
311397,440795
312236,440689
312809,440762
313945,441189
315037,441770
317003,442395
317782,442348
320342,441861
323233,442088
324183,442409
324961,443008
326124,443577
326722,443738
327519,443776
329020,443789
331413,443589
338535,443051
342926,442982
346618,441971
347345,442029
347899,442365
348403,442796
350587,444915
352431,447220
352632,448024
352470,448615
351967,449147
351841,449894
351784,452809
351919,453334
354518,455193
356817,456526
357432,456767
365610,459187
368322,459932
371658,460684
376668,461161
378175,461175
379782,461000
380507,460758
381119,460365
381990,459435
382324,458865
382563,458266
382655,457055
382429,456163
378485,446741
377310,446159
375313,445724
374706,445494
374196,445045
374013,444337
374195,443805
374718,443355
375418,443024
378660,442116
379275,441722
380329,440910
381259,439886
381389,439477
381424,438980
381290,438799
380732,438445
380127,438219
374835,436930
374354,436914
372782,437238
368477,437662
361743,437560
360505,437305
357518,437355
356905,437426
356129,437778
354906,438570
354016,438800
353384,438775
350640,438526
349527,437856
348633,436809
348246,436223
347911,435512
347130,434588
346498,434282
345833,434131
344383,434015
335374,433312
328550,433740
324545,434753
321062,436257
319673,436673
318352,436776
318168,436679
318481,436343
319094,435950
319740,435711
321081,435391
321430,435210
321687,434996
321841,434316
318644,431013
317612,430035
315661,428851
315119,428592
313544,428591
312857,428701
311824,428646
311079,428507
310464,428275
309908,427952
307517,425940
307072,425431
306771,424866
306941,424281
308908,423307
309630,423046
309982,423178
311710,424738
312728,425350
313337,425579
314005,425717
315524,425500
316310,425482
318752,425495
318993,425499
320068,426011
320625,426362
321017,426645
322037,427590
323202,428164
323872,428297
324707,428182
325203,427971
325318,427475
325040,426667
323238,422615
320823,415822
320619,415013
320579,414238
320821,413620
321377,413318
322044,413482
324362,414227
326461,417257
326513,417785
326814,418965
327091,419773
328257,421615
329467,423268
330802,424827
331303,425265
332140,425115
332938,424839
334440,424845
335161,424909
342006,426118
346717,427305
347474,427175
351257,425591
351519,425372
351738,424997
351678,424781
351256,424352
348005,422397
347504,421969
346802,421352
345969,420550
345761,420056
344961,416869
344908,416310
345275,415905
345904,415591
346091,415404
346315,415032
346331,414783
346218,414038
345885,413328
345480,412957
344957,412775
340837,411425
336633,411303
331442,410725
330865,410627
327283,409887
326008,409501
325121,408437
325007,408001
324876,407162
325542,403543
325913,403113
326523,403368
326911,403992
327361,405763
327751,406355
330677,407370
331349,407498
332128,407472
332926,407197
334492,406243
335570,406153
336162,406309
342582,408319
343787,408720
344955,409304
345529,409702
346292,410536
346590,411091
346775,411524
346903,412051
347146,412700
348149,414800
348517,415325
349470,416278
350042,416676
350580,416948
351061,416666
353267,416051
355439,418409
358834,420310
361340,421195
363337,421622
365398,421980
368605,422183
369456,422131
369801,421972
370775,421413
371109,420845
371573,419872
372105,418243
372052,417378
371767,416580
371441,415875
370657,414656
369932,413682
369671,413254
368276,409910
368239,409136
368570,408569
369664,406958
370124,406605
370589,406872
370800,407508
370833,408169
375958,413818
376274,414120
377441,414703
378943,414714
386024,414670
386801,414608
387697,414386
388395,414077
389545,413314
390046,412795
390326,412318
390707,411029
390859,410371
390892,409564
390818,408015
390558,406349
390327,405459
389848,404178
389662,403410
389565,402731
389528,402267
389746,401576
390216,401245
390511,401171
391216,401450
392053,402280
392334,402763
392928,404165
393406,405476
393966,406444
394227,406834
394688,407122
395283,407282
396027,407432
396747,407460
401027,406931
402866,406086
403996,405248
404938,404295
406199,402734
406528,402186
406790,401644
407009,400947
407121,400444
407155,399976
407078,398737
405734,390244
405576,389632
405246,388938
404855,388337
403759,386785
402923,385653
401474,383029
401326,382447
400782,379031
398237,378326
394140,377412
389362,375617
386245,374509
383648,373900
382199,373801
381368,373926
380576,374202
379556,374859
378700,375230
375425,375650
374850,375545
374533,375245
374178,374789
371468,369629
371452,369256
371708,369032
372446,368825
374949,368438
376727,368007
379859,366968
380467,366574
381953,365588
382375,365076
383226,364390
384823,364139
385596,364107
387710,364361
388993,364770
390103,365435
392585,367152
393036,367657
393145,368117
393090,368214
392001,368575
391014,369366
390815,369810
390797,370368
391073,370542
392519,370630
393206,370536
394724,370307
396506,369877
399298,369392
400024,369445
400539,369634
401004,369919
402282,370316
403621,370613
404404,370568
406086,370066
406732,370122
409388,370643
409887,371080
409736,371743
409516,372098
409109,372370
408465,372628
407982,372563
407697,372395
407480,372159
407054,372029
406828,372385
406834,373037
409779,382829
410038,383248
410465,383687
413730,385718
414269,385963
414935,386105
415657,386152
416490,386033
417383,385817
419474,385052
420310,384902
420979,385071
421493,385251
421904,385627
422292,386220
422595,386789
423264,387549
423670,387613
424652,387447
426945,385596
428945,383857
430239,383041
432257,381976
432958,381639
433776,381447
434552,381072
438462,378127
438978,377679
439306,377120
440025,375282
440471,374870
441083,374472
443561,373066
444100,372675
444965,371753
445300,371194
447167,367653
448284,360850
448335,360129
447984,359663
447574,359268
445083,357542
444137,357225
443007,357454
439945,360597
439685,360806
438890,361094
438456,360946
437979,360615
437534,360093
437440,359385
437527,358818
438019,356097
438265,355486
440589,352848
441108,352398
444052,351254
446552,350550
447271,350294
450071,349209
450942,348593
451439,347764
451681,346834
451620,346281
451396,345399
451453,344676
451596,344008
451836,343391
452701,342462
453224,342036
454313,341362
454534,340996
454588,340273
454118,337453
453909,336321
453726,335591
451108,332401
450622,332358
448490,332351
447398,332710
446789,333082
444771,334771
440820,337509
438447,339062
437358,339720
435268,340806
432837,341513
431229,341678
428359,341508
427671,341624
427007,341771
424544,342959
422948,343516
422321,343533
419674,343323
419004,343185
418615,342559
417830,340718
417812,340316
420518,340121
423089,339710
426094,338484
426610,338038
426976,337606
427070,337038
427069,336416
427030,336264
425288,333726
424881,333353
423765,332692
423172,332521
422022,332017
421055,331312
416455,326797
416267,326375
416597,325513
416746,325161
416969,324803
417320,324623
417876,324644
418561,324844
418968,325217
419357,325841
419694,326532
420084,327156
420810,328161
421290,328497
422011,328568
422496,327972
422842,327790
423290,327693
424307,328299
425384,329116
426330,330068
426963,331012
427710,333036
428045,334347
428587,335237
429053,335853
429603,336181
430215,336411
430942,336475
431701,336349
434590,335636
435293,335295
435584,334897
436014,333770
436633,332811
439169,330373
440187,329408
441261,328655
446695,325551
449976,324818
450644,324968
456363,325461
457631,325481
458237,325384
458924,324997
459494,324436
459776,323999
461797,318594
462166,317553
462202,317080
461863,316370
461472,315759
460526,314804
458112,312732
456030,311369
454905,310958
454032,310304
452562,309180
452063,308765
452141,308757
451727,308052
451504,307172
451376,306343
451296,305728
451389,304223
451492,303712
451717,303033
451578,299682
450212,296144
449883,295462
448975,294029
446628,290372
445923,289446
444479,288096
444013,287800
443383,287176
443025,286713
442691,286029
442653,285223
442840,284737
443374,284654
443930,285004
444893,285687
445399,286134
448272,288771
449107,289587
453086,294718
453997,296462
454960,298415
455391,299803
455435,301544
455309,303211
455146,303823
454706,304868
454354,305966
454540,306726
454987,307240
456264,307631
459007,307547
460675,307298
465282,305893
467649,304676
468419,303990
469620,302815
470490,301897
471156,300782
471894,299036
472116,298351
472256,297677
472311,296953
472271,295552
472159,294785
472096,293946
472222,292555
473339,286382
473612,284972
476087,276397
478200,273241
479288,270996
480186,268653
486706,257093
487034,256545
488070,255643
488878,255119
489252,254718
490061,253566
490716,252433
491460,250693
491909,248116
495230,245102
495490,244560
496110,242675
496624,240962
496674,240232
496341,239530
495839,239106
495390,238580
494944,237457
494796,236853
495009,236473
495474,236120
497564,235667
499157,235445
499891,235549
500392,235342
501504,234440
502151,233581
505588,228205
507904,224323
508802,222597
509848,220215
510558,218359
510708,217704
510815,216269
510771,215489
510917,214172
511355,212206
511588,211568
513401,206646
513640,206037
514208,204863
516665,200287
517091,199798
517701,199402
520745,197764
523497,196200
524177,195785
524692,195337
525430,194532
526928,191776
527350,190651
528819,187768
530249,185648
531168,184640
533029,182047
533632,181039
534530,179302
535354,176976
535774,175527
536318,173037
536606,171709
536690,171121
536801,170305
537048,168191
536997,166775
536608,165558
534350,160707
534084,160287
533884,160108
533379,159993
532651,160208
526684,163045
522945,165340
519720,167201
518315,167850
517006,168575
515794,169373
514244,170704
512079,172997
511193,174169
509999,175332
509479,175774
507655,176952
506527,177782
502735,180806
497184,184954
495085,185961
493185,187150
491526,188356
488009,191547
486568,192993
485132,194782
484678,195447
483737,196404
481247,198686
480271,199486
478208,200632
476174,201610
470081,205521
468260,206703
460618,211936
459495,212763
458995,213291
458073,214934
457913,215516
457269,217342
457027,217934
456701,218503
453642,221955
452219,223180
451682,223553
451001,223630
450502,223531
450444,223318
450574,222587
451071,221438
451438,221021
452467,220124
453319,219120
456005,214839
456099,214267
454083,215004
452419,216196
451722,216557
450832,216783
449279,216833
447943,216545
446411,215778
446402,215124
447200,214850
449921,214703
451377,214256
457269,210189
460603,206906
460766,206604
460601,206281
459767,206073
458544,205911
458047,205502
457858,204775
458004,204102
458429,203581
459019,203446
459523,203571
459615,203621
459966,204077
460371,204434
465290,203994
468940,201636
471711,199540
473702,197763
474547,196768
475580,195242
477177,193198
480878,189492
483514,187153
484472,186285
488822,182066
491783,178545
494783,175825
496003,175026
497125,174209
499304,172552
500939,170634
501066,169888
500618,169367
498044,167605
497573,167309
496358,166854
492746,165631
492010,165500
491322,165613
490807,165729
487620,166673
482263,168616
480791,169309
479404,170052
477911,171307
477301,171680
476659,171931
473538,172634
472133,173303
471064,174049
469660,174715
468944,174688
465484,173438
464851,173116
464372,172774
464094,172278
463923,171614
464033,171442
464661,171421
466348,172196
467677,172484
469122,172598
469895,172553
471448,172148
471943,171639
472221,171161
472031,170436
471736,169884
470197,168157
466841,164835
461669,160242
459780,158678
457648,157109
456038,156033
455074,155341
454628,154803
454292,154095
454368,153773
454474,153572
455198,153637
456399,154047
457031,154373
458490,155468
459989,156743
464811,160854
465812,161719
469612,165233
470559,166165
471729,167691
472154,168131
472545,168422
473151,168648
473876,168701
475093,168556
475795,168235
480512,164521
480877,164088
484111,162900
484902,162620
490441,160887
494559,159765
495955,159090
497115,158389
499441,157329
500951,156782
501601,156856
502475,157521
503138,157656
505334,157326
506056,157070
506513,156705
506803,154760
506954,154102
507186,153491
507458,153000
507718,152795
508401,152700
509067,152831
509419,153301
509588,153965
509628,154430
509670,154580
510018,155022
510686,155182
511897,154387
514292,152071
515562,150565
517180,148579
517583,147995
517929,146885
517595,146507
516800,146789
515545,147410
513707,148521
510307,148753
507650,149434
506987,149303
506686,148728
506704,148504
507033,147938
508335,147193
510701,146594
511481,146574
512404,146494
512955,146201
515913,142694
516849,141437
518584,140212
522437,138680
523244,138452
523672,138588
524584,139384
524750,139729
525272,140541
525494,140781
526084,140945
526880,141002
528337,140858
530832,140461
532560,139523
534511,137329
535354,135685
535384,134568
535200,134163
532741,131015
532294,130476
531237,129720
530891,129286
530735,128685
531119,128665
531640,128839
532807,129414
533361,129739
534091,130437
534348,130826
534758,131212
535216,131462
535790,131559
536454,131381
537137,130978
537658,130545
538688,129650
539105,129143
539808,128191
540298,127030
540801,125009
544198,120766
545403,119340
548450,114958
549587,113253
553866,106023
553957,102708
556169,101519
556770,101112
557194,100623
557452,100078
558708,97009
559177,95770
560747,89952
560800,89234
560648,84657
563271,82334
564097,81569
564936,80544
565269,80005
565734,79078
566529,77259
566737,76559
567411,73966
567600,72565
567553,71163
567468,70554
567360,68868
566933,65993
566800,65162
566250,63026
565063,59942
564467,58528
563793,57138
563491,56576
562716,55372
560052,52043
559202,51181
556751,48978
555744,48123
555189,47789
554339,47532
552639,47339
549787,47538
546503,47291
545062,48399
545122,48826
544599,49663
544174,50153
543475,50488
543328,49917
543129,47918
543085,47130
544941,45479
544822,45029
543721,45019
543130,45168
540071,46091
539472,46495
537928,47832
536180,49596
535151,51378
534776,54210
534613,55109
534018,56143
533043,56948
531406,58224
530706,58547
530085,58563
529987,57886
530168,57366
530893,56528
531410,56088
533028,55038
533392,54633
532646,49582
532856,44272
532959,42841
532863,42164
532488,41614
532084,41265
531509,40859
530880,40531
530305,40445
529681,40465
528062,40877
527431,40866
526768,40735
526215,40417
525768,39884
525489,39407
525433,38879
525854,38367
526552,38045
526934,37702
527061,36969
527015,36183
526810,35691
526367,35189
525809,34841
523648,34069
522109,32450
521293,31300
519239,29412
518795,29196
517674,29733
516474,29939
516605,29529
516765,29238
518636,27674
519631,27255
520589,27324
520755,27064
521010,26210
521585,23561
521630,22819
520856,19495
520598,18792
519684,17663
518705,16902
518100,16691
516693,16407
515998,16437
511912,17319
510769,17761
510219,18071
509802,18575
509380,19684
508183,23592
507706,26008
507614,26567
507560,26673
507173,26692
506656,26516
503519,23150
502410,21861
501781,20944
501464,20313
501444,19621
501564,18867
501559,18235
501466,17558
501208,17168
500797,16778
499493,16888
498902,17040
498294,16817
497965,16124
498049,15536
498449,15265
499277,15127
499852,15231
500388,15184
500879,14955
501168,13943
501237,13295
501202,12542
500700,12108
500035,11961
498543,11952
497904,12210
496691,12996
495240,14362
493469,16330
493136,16870
493055,17770
493623,18163
495045,18197
495703,18320
496021,18635
496223,19133
494930,21130
493918,24839
493901,25379
494197,25922
494425,26193
495527,26829
497043,27857
497322,28338
497237,28609
496756,28577
493252,27750
492828,27610
491951,26959
491785,26613
491501,25814
491627,24148
491720,23590
491824,22149
491557,21727
490378,21418
487835,21271
487251,21444
486715,21798
483417,25151
482994,25641
477122,33958
476943,34492
476833,34983
474027,37820
472798,38844
470154,41385
469733,41894
469384,42357
468800,43457
468297,45170
467738,46075
467229,46533
466582,46761
465255,46465
462287,46514
460576,46865
455259,49085
453920,49681
453384,50039
452007,51423
451034,51588
450624,51205
450473,50629
450617,49953
450856,49356
453331,45506
454155,44450
455183,43551
455733,43253
457114,42832
457815,42478
458331,42058
459848,40013
461261,38481
463247,37047
463868,36732
465126,35855
465669,35475
466568,34704
467430,33781
469540,31271
471700,28997
472728,28101
473151,27621
473477,27062
478136,17973
478241,16852
478277,13286
478201,13015
477776,12871
473358,13363
471134,13869
469286,12766
469212,12462
468811,12120
467678,11680
466962,11641
466708,11872
466671,12350
466766,13026
466991,13901
466811,14433
466001,14628
465376,14636
464140,14395
462924,13931
461907,13305
461525,12979
461502,12960
460838,12501
459822,11906
459050,11931
456329,13569
454320,16127
454190,16555
453787,16802
453142,16739
452660,16371
452378,15597
452302,14040
452405,12615
452402,11362
452120,10558
451568,10230
449743,9521
449135,9294
448471,9137
447642,9287
447034,9652
446611,10150
446290,10728
445809,11922
445778,12114
445392,12729
444840,13055
442059,12272
440859,10927
440701,9384
440497,7973
440271,7064
439775,6660
439170,7052
438874,8372
438640,8965
438217,9489
437286,10420
433097,12753
432813,11005
433143,10465
433379,9843
433998,7957
433683,7650
431459,7827
430960,7731
429928,7354
429485,7155
429449,6691
429593,6019
430104,5583
430529,5095
430671,4421
430653,4049
430312,842
430164,266
429647,79
429001,0
428155,68
425694,850
424202,831
423538,685
422177,553
420668,780
419456,1562
417968,2185
416512,2303
413997,3176
410927,4653
407487,11475
406921,12645
406756,13220
406724,14031
407113,14620
409564,16582
413097,21270
414924,23214
415830,24310
416585,25450
416862,26234
417053,26994
416573,27260
415433,27089
414434,26251
413439,25380
412534,24592
411428,23947
409827,24125
407505,22369
406412,21469
402971,14972
402730,14339
402637,13661
402596,12888
402737,11569
402975,10336
403560,8639
404020,7355
404636,5466
404785,4800
404336,4278
402958,4083
401378,4338
399040,4369
397601,4263
396061,4347
394626,4857
394261,5289
393927,5840
393784,6503
393599,7013
392903,7342
392278,7355
391817,7076
391595,6190
391534,5636
391108,5197
390432,5306
386923,8764
386724,10145
385700,12288
382800,15688
378325,23381
378141,23886
378032,24388
377980,25105
378257,25898
378643,26499
379088,27036
380252,27597
380746,28004
381193,28540
381353,28873
381707,30594
384006,35963
384724,37258
387474,40110
388101,40413
389154,41155
392049,43330
393068,44259
395299,46593
395397,47269
394202,49684
394092,49877
393670,50061
393096,49633
392656,49133
391878,47911
390566,46442
389517,45701
388889,45397
387078,44731
385842,44181
384555,43107
384037,42607
380070,38381
379186,37340
376064,33361
375522,31835
374982,28444
372782,21868
371805,20173
370511,18148
368981,16096
367171,14521
366785,14256
363067,12830
361831,12589
359678,12433
359093,12633
358465,12898
354896,14563
351252,13452
346260,11967
345839,11847
345178,11697
344496,11797
344037,12141
342784,13698
341976,14539
340710,15412
338008,16469
333883,16579
330182,16485
329721,16201
329702,15829
330179,14594
330218,14130
329554,13967
329023,14332
328617,14917
328286,15471
327369,17101
327054,17716
326814,18335
326742,19604
327278,20791
330150,24457
331036,25488
331590,25834
333558,27430
334075,27930
335328,29517
335904,30543
336511,32034
337027,33460
337618,35819
338189,37771
338468,38579
338798,39262
339557,40408
340570,41336
341786,41828
342449,41949
343220,41914
345854,41491
346168,41799
345986,42328
345635,42796
345046,43266
343371,43774
342670,44088
342066,44494
341511,45394
341549,46170
341646,46853
341997,48557
342272,49361
342566,49919
344467,52822
348710,56284
350685,57592
351344,58667
352327,59149
353098,59105
353598,59219
354095,59644
354463,60165
354668,60657
354338,61530
353894,61942
353194,62296
351684,62817
351092,63291
350764,63824
349330,67162
348927,68377
347734,71087
346482,73612
345581,75327
344643,76884
343463,78752
342784,79779
342694,79718
342330,77342
342412,76742
342944,73544
343090,72893
343273,72364
345498,67202
346439,65612
346931,65111
347211,64643
347521,63710
347577,63306
347258,62689
345156,60538
344658,60108
340437,56716
338280,55292
337820,55013
337432,52532
337228,51726
336782,50267
336357,48902
335878,47597
335067,45610
334752,44988
334384,44458
333886,44021
333223,43894
332616,43641
332375,42989
332296,39578
330636,34198
330381,33483
330105,33015
327469,31867
326290,31230
325442,30656
324615,29836
323416,28510
322442,27406
322182,26999
321372,26268
320762,26038
320063,26363
318851,27139
318334,27591
317009,28858
316607,29406
314711,32486
314655,33198
314876,34074
315264,34673
316146,35722
316441,36257
316386,37000
315892,37205
315467,36758
313234,34085
311008,34571
310546,34306
310307,33646
310273,32869
310601,31081
310880,29693
311172,28370
311228,27628
311230,27007
311008,26130
310694,25499
309575,23816
309055,23331
308394,23182
307877,23627
307526,24109
306865,25200
305316,28425
303367,29366
303422,28654
303329,27968
302151,22327
299632,19723
299039,19569
298434,19663
293761,21274
292197,21899
289487,23290
285066,27196
284588,27787
284529,28527
284953,29894
286374,32754
287106,33826
287437,34221
287915,34562
288581,34696
290016,34816
291561,34753
292228,34884
294583,36166
294601,36259
294548,36661
294287,36894
290755,37439
290272,37721
289941,38291
290582,41807
290859,42600
291192,43273
291837,44304
294709,47011
297695,49557
298669,50350
299901,50908
304250,52620
304768,52797
305541,52767
309319,52229
309945,52530
310346,52916
310070,53372
309429,53598
305430,54531
301081,54035
297768,53318
296606,52732
294579,50886
293675,50092
292811,49453
292262,49112
291672,48954
290876,48938
290251,49243
289756,49742
289494,50287
289367,51025
289570,51533
291115,53953
291447,54657
291667,55538
291686,55912
291430,56145
290802,56141
289695,55486
288866,54660
287964,53579
286803,51737
286549,51006
286582,50231
286679,49645
287340,47917
287377,47453
287157,46569
285593,41249
285280,40607
284471,39558
283976,39152
282867,38485
278784,36514
276409,35462
275797,35229
271159,34198
270442,34137
269559,34373
268950,34756
268598,35223
268264,35787
268007,36326
267767,36927
267712,37637
267803,38331
268483,41035
269217,42124
271039,44707
272032,46811
273171,50140
273429,51777
273668,52418
274001,53130
274700,54365
276244,56786
279574,65455
279814,66404
279737,66741
275167,67557
274376,66906
273881,65841
272038,62242
269976,58372
269224,57220
268263,56206
266760,55173
261509,51708
260956,51375
259742,50886
258414,50601
257532,50795
256923,51202
256404,51648
255628,52630
255299,53158
254985,53780
254798,54321
254504,55634
254408,56216
254409,56840
254884,58758
255142,59469
255823,60939
259592,66666
260091,67397
260718,68017
261178,68308
262580,68281
263114,68516
265493,69879
265415,70869
263515,71107
257486,69546
254282,68607
253011,68230
252242,68243
251648,68401
251281,68799
250946,69357
247782,77129
247541,77727
247135,78931
247006,79666
246950,80378
246985,81161
247079,81827
247407,83171
248072,84553
249485,87101
250238,88270
254001,93293
257716,99101
258534,100453
258882,100921
264114,106520
265496,107973
266531,108650
267749,109124
269553,109453
271730,109405
272341,109637
272211,110063
271787,110559
271270,110986
270842,111513
270473,112542
270438,113006
270571,113824
270735,114522
271081,115295
271673,116398
272447,117605
272888,118135
273830,119075
274824,119926
275306,120271
279087,122862
279638,123179
281410,124008
285951,125218
286488,125468
286894,125833
287189,126408
287060,127146
286727,131135
289163,136180
290507,137802
291380,138749
291838,139363
292373,140540
295496,148951
295253,148940
291341,148341
290678,148182
290232,147662
290046,147250
289935,146188
289939,145537
289660,144746
285823,136302
283700,131887
282998,130663
281985,129731
280896,129133
277772,127653
274716,125108
271300,123397
268109,120010
267284,118885
265879,117371
264383,116095
263335,115323
260732,112763
256396,108290
255129,106644
253909,104906
253139,103679
252497,102337
251908,100315
251630,99509
249367,97005
248626,95960
247175,93563
246735,93048
246181,92708
245572,92487
241849,91360
241382,91712
241217,92317
241084,93051
240938,94344
240581,97645
240656,99183
240932,99962
241501,101306
242184,102475
242512,103197
243546,106055
244004,107601
244133,108427
244296,109724
244369,110325
244348,111195
244328,112378
244621,113250
245064,113765
245563,114193
246116,114530
248051,115075
250694,115589
252851,115739
253514,115896
254065,116229
254786,117543
255302,118964
255724,120997
255778,121530
255580,121668
255021,121646
254469,121315
253198,119668
252258,118704
251133,117971
249858,117595
247757,117319
244508,116575
243955,116236
242721,115666
242128,115507
240674,115940
239267,116627
237662,116790
237160,116358
236938,116113
237035,115530
238106,114778
239143,113898
239567,113416
239767,112970
239994,112277
240090,111695
240272,110562
240141,108487
239946,107030
239706,106067
238988,104144
238400,103046
237717,101875
236965,100724
236155,99038
235730,97989
235476,96615
235549,96000
235682,95233
235977,93925
236054,93279
236017,92494
235854,91819
234362,87734
233226,85971
231146,83274
230166,82212
229691,81839
228511,81187
227290,80715
226575,80652
225800,80706
225281,80825
224509,81190
223293,81934
222642,82189
222203,81660
222147,81121
222259,80636
222278,80075
221985,78908
221598,78289
221172,77855
220127,77083
218030,75565
215670,73971
215319,73514
215008,72872
215156,72204
215841,72116
217428,72190
219786,71931
220096,71631
220157,71200
220212,70487
220214,69861
220032,69115
219774,68734
219367,68363
215045,66670
214429,66453
210727,66333
207662,66643
204551,66996
203957,67153
203217,67347
202780,67748
201109,69583
200871,70203
201015,70791
201512,71220
204163,73061
206101,73587
206304,74090
206429,74612
206334,75193
205482,77760
205269,80709
205229,83370
205246,84064
205502,84796
206220,86099
206548,86810
206768,87376
206676,87645
206310,88028
205605,88358
204151,88476
203356,88758
202930,89257
202483,90316
202317,90888
201980,91463
201283,91792
200600,91871
199879,91817
199214,91678
198606,91423
197220,91227
196447,91257
193970,92039
193294,92114
192572,92056
191264,91833
188334,90759
187576,90562
186855,90499
186084,90520
184545,91002
183181,91795
182666,92239
182493,92838
182458,93621
182435,94814
183139,99888
183359,100462
183652,101019
184539,102028
185516,102830
186641,103561
189623,104861
192411,105646
192838,105782
193606,107009
194577,109055
195367,110346
196677,111502
197779,112181
201726,114183
205989,115867
207094,116534
208593,117789
209028,118322
209786,119467
210094,120107
210817,122029
211037,122907
211155,123738
211605,132823
211293,133123
211072,133185
210773,132955
210331,132423
209755,130486
209646,130227
209283,128578
209252,127877
209166,125803
209460,124496
209558,123915
209594,123419
209500,122435
209174,121730
208788,121109
208217,120712
207128,120428
206555,120343
206236,120671
206019,121014
206069,122496
206127,123351
206211,124054
206484,125473
207224,129030
207732,131109
207952,131749
208194,132536
208227,132862
207837,133132
207285,132485
206037,129639
205633,128639
204865,125547
204518,123205
204444,121657
204446,121031
204225,120151
203823,119777
203214,119526
198675,118288
197218,118435
196494,118697
195903,119136
195811,119404
195703,119889
196319,123662
197239,126728
198302,129751
198629,130462
199094,131979
199180,132682
199177,133937
199141,134402
198972,134689
198309,134525
197777,133344
196110,127556
195121,123564
194776,122159
194257,120724
193153,117873
192627,116654
191944,115503
190066,112360
189625,111847
189128,111415
188577,111071
187438,110562
183987,109931
180902,108910
180105,108860
179298,109060
178608,109472
177575,110355
177281,110742
173939,117821
173895,118318
174230,119010
174653,119468
176664,121225
177342,122387
177672,123108
178629,125676
178734,126134
178737,126764
178637,127346
177959,127413
177458,127008
177163,126451
176651,125005
175878,123793
174280,121735
173757,121259
172876,120213
171665,118470
171174,117399
171229,116683
171560,116146
172414,115140
172881,114785
173598,113909
174005,113354
174154,113002
174210,112603
174230,111723
174123,111261
173811,110005
173410,108699
172792,106815
172583,106332
171974,105458
170690,104045
169312,103209
168698,102964
168312,102984
167717,103152
167409,103439
164639,102101
163023,100290
162488,100055
162262,100419
162005,100938
161860,101287
161595,101518
161041,101818
159323,102162
158607,102077
156281,102195
154671,102366
153878,102640
153247,102952
150474,105024
146840,107823
145733,108724
145309,109202
144973,109763
144839,110814
144928,113056
145048,113907
144993,114628
144371,117222
143970,117769
143489,118045
142841,117966
142112,117017
141882,116642
141918,116212
141977,115862
140874,114161
140323,113814
139491,113945
138881,114317
138359,114771
137942,115249
137654,116360
137835,117102
138204,117629
138723,118129
140150,120031
140291,120425
140199,120825
140053,121193
139054,123926
138642,124501
136049,127957
135087,127262
134592,126830
132941,122062
132815,121237
132811,118941
133208,117186
133574,116030
133342,115371
132855,115036
132122,114896
128649,115417
125914,115785
124509,115510
123009,115496
121352,115730
119129,116270
118332,116552
117814,116999
116872,117946
116623,118417
116422,118984
116068,119472
115642,119654
113762,119020
111206,119490
110321,119712
109282,120598
108435,121566
108153,122039
107908,122648
107922,123356
108065,124258
108285,125147
108673,125759
108908,126397
108784,126812
108429,126978
105899,126582
105233,126440
104808,126009
104054,124850
103620,124318
101972,124333
96890,128566
96421,130175
95671,132255
94459,134660
93849,135040
93257,134880
92944,134250
92511,133713
92068,133817
91635,134022
91415,134379
90732,137378
90725,138020
91074,139111
91338,139504
91629,139744
93255,140602
94624,141354
96973,143937
97301,144634
96880,148663
96639,149273
96211,149770
95689,150209
95319,150626
95358,150765
95580,151016
96352,150993
97965,150519
99447,149847
101311,150715
101307,151354
101491,151465
101906,151188
103797,149302
104396,146956
104516,145514
104643,144778
105370,142979
105889,142534
106683,142256
107467,142200
108256,141952
108872,141560
109389,141116
109763,140698
110372,139699
110633,139158
111040,138587
111729,138504
112334,138750
112781,139246
114067,140363
116360,141659
116930,140520
116939,139246
117160,137959
117422,137416
117926,136900
118514,136756
118886,136974
119640,138432
120333,142002
120398,144674
121886,145954
122718,145832
123498,145792
124585,146079
127650,147043
127869,147318
127717,147982
127380,148541
126587,149441
125844,149619
123909,149075
122598,149150
117631,151958
113866,154847
109426,157176
108628,157460
104868,159718
104253,160107
103215,160998
103012,161427
102784,162139
102725,162539
102799,163134
103127,163857
103513,164466
103961,164961
104938,165750
105470,166009
107148,168024
107518,168561
107569,168799
107551,169049
106787,169468
106641,169497
106089,169775
106158,170721
106583,171464
107025,171989
107393,172206
108798,171560
115727,168439
121581,165415
124042,163945
124747,163630
129724,161543
132355,160096
133745,159354
135149,158710
136903,158203
137762,158136
139072,158356
140660,158758
141122,158729
142734,158246
144728,157142
145731,156717
146416,156638
147188,156608
147575,156909
152835,161014
155082,163452
155505,163882
156628,164640
159072,165585
160733,166596
161673,167216
161965,168091
161985,168157
162346,169962
162180,170247
161735,170354
161239,169912
160800,169389
160062,168331
159617,167804
158750,167165
155795,166024
153858,165455
152566,164155
151980,163247
151719,162847
151350,162648
150611,162500
148370,162677
144915,162347
144383,162078
142926,161900
142071,161942
139039,162693
136612,163695
135392,164447
134962,164957
132129,167765
128367,170651
120452,176459
119065,176870
115865,177269
115219,177501
114731,177799
114436,178176
114337,178759
114630,179945
114836,180440
115224,181040
116508,182455
117784,183485
121082,187613
122440,189957
122851,190302
123647,190035
124964,189311
125628,189172
128719,189566
129100,190190
129191,190878
128967,191243
128768,191358
128282,191346
127268,191030
126532,190899
125643,191115
122819,192457
121380,192960
119732,193287
118953,193333
118215,193196
117603,192960
116703,192150
116282,191383
115474,189064
113553,187978
111875,187520
111219,187459
110626,187605
109409,188367
105642,191260
104437,192723
103616,194184
103430,195958
103565,204800
103633,205423
104069,207221
104713,208554
105119,209226
105822,210157
107737,212520
108497,213337
109036,213589
109709,213842
111714,214274
116880,214176
118433,214110
119266,213978
122485,213039
123991,212415
125319,212418
127801,213205
129242,213323
130792,213271
133330,212726
135070,212452
137183,212697
139790,213385
143393,214928
145387,215701
146070,215928
146793,215975
152956,215162
156341,214562
159212,213765
164727,212895
167005,212854
167884,212661
168537,212397
169167,212096
170466,211311
171313,210321
172297,208885
172689,208229
173045,207753
174601,205814
176154,204469
177302,203717
178603,202926
182022,201219
189501,198095
190998,197509
195438,196387
196360,196336
197014,196401
197582,196797
199912,198887
200023,199342
199980,199837
199035,201393
198522,201820
197965,202115
197169,202408
195390,202838
194593,203129
190893,204675
189489,205341
187046,206879
185918,207710
184340,208968
177761,214763
177336,215258
177114,215631
177019,216213
174147,218253
167145,222353
164741,223730
162924,224640
162218,224987
161480,225172
160708,225191
157483,224263
156843,224179
155988,224243
155339,224472
154823,224914
154208,225304
153468,225483
151301,225645
148325,225651
146992,225364
145808,224725
145365,224197
144441,223322
143405,222646
142242,222069
139192,220859
137857,220559
134513,220034
130480,219640
129128,219579
125885,219981
124188,220236
123299,220455
117896,222095
116942,222425
114071,223529
112774,224318
112330,224727
112140,225255
112103,225724
112139,226496
112374,229668
112486,230424
113013,231942
113581,232991
115869,236201
117238,237582
118214,238685
121939,243581
123820,246740
124816,248850
125918,250791
126749,251914
128595,254290
129002,254659
129299,254909
129926,255226
132907,257377
134250,259035
135570,260496
137873,262843
138391,263354
138998,263598
140243,263837
140815,263913
143406,264215
144184,264204
144833,263945
145375,263573
146211,262498
147842,259584
149011,257339
149192,256478
149311,255375
149557,254758
149908,254287
166314,234169
167239,233164
170816,229521
174004,226844
177412,224446
178634,223670
180044,222985
182043,222485
183616,222511
184945,222812
186833,223447
187553,223494
188234,223408
190902,222741
195691,222093
199450,221718
203185,221577
207665,221552
214027,220620
219486,219166
224921,217649
228197,217240
228843,217000
229453,216600
229976,216159
230677,215831
233468,216007
235070,217111
235793,217154
236498,216823
237685,215885
238220,215846
238645,215983
238460,216495
236549,219259
235920,219257
235462,218959
234336,218530
233555,218572
232761,218861
232392,219258
231724,220372
231302,220858
230835,221213
230096,221414
229338,221518
228061,221438
226213,220951
225011,220845
224513,221069
221535,222657
217611,223655
212338,224875
210855,224937
208837,224738
207156,224894
205564,225466
202566,226689
201901,226849
196162,227487
192673,227014
191355,227103
181029,230770
180063,231309
178228,232493
176673,233816
175470,235287
175062,235849
172257,240104
170201,243192
167246,247479
166064,249009
165633,249503
163634,251270
162091,252673
160808,254184
160051,255217
159639,255806
156431,261228
155835,262320
155257,263477
153549,267679
153085,268983
153081,269612
153374,270167
154583,271515
157961,274687
162008,278333
162490,278695
163652,279267
164489,279123
164992,278923
165597,278551
166266,277435
166459,276943
167089,275968
167921,274909
168717,274001
170091,272557
171128,271658
172155,271004
173301,270560
174075,270556
174595,270731
174393,271170
173498,272035
172427,272743
171909,273195
171535,273607
169063,276666
167785,278470
167711,279118
168639,279675
172486,280603
174820,281439
175448,281757
176429,282535
176944,283052
178721,283856
181681,284708
182437,284599
183698,283970
185150,283430
185984,283301
187535,283242
188872,283525
191274,284677
192347,285201
194294,285719
195551,285732
202016,284522
202755,284337
204012,283716
204626,283326
205050,282816
205666,281800
206096,280664
207467,276087
208003,274154
208079,273506
208119,272699
208061,271535
207867,269761
207604,268104
207384,267200
207275,266467
207216,265615
207147,264044
207188,259797
207296,259623
207890,259448
209743,261214
210015,261373
210575,261065
210760,260870
210983,260491
211131,259822
211465,259270
211890,258792
212353,258442
214189,257260
215871,256151
216388,255713
217003,254691
217526,253597
217633,253111
217780,252752
218299,252314
219042,252122
220170,252565
220725,252877
221114,253484
221263,254095
220980,254561
218278,257901
215606,260772
214997,261167
214351,261402
213001,261646
212368,261976
212180,262483
212142,266101
212214,266422
212624,266784
215268,268883
216105,268732
223100,266535
229446,264570
230094,264327
230563,263970
230729,263675
230967,263075
231318,261959
234746,260252
237376,258800
238299,258112
239231,257079
240171,256141
241245,255401
241894,255151
242204,255180
245205,256766
245274,257708
245182,257949
242147,262496
241349,263386
239848,264647
237682,266369
236127,267371
235480,267616
232149,268123
230371,268564
225766,269947
220207,273543
219764,273961
219353,274538
218110,277457
217868,278053
217702,278658
217482,279943
217269,281354
217069,282737
217009,284103
217176,284747
218124,285385
219347,285868
220617,286259
221994,286380
223528,286236
230324,285425
231840,285205
239154,283300
242151,282083
246500,281226
247296,280954
251021,279466
258150,276830
258854,276479
260073,275702
262680,273563
263979,272785
266622,271415
271588,268267
275007,265932
278416,263495
283372,259734
283708,259194
290202,248376
292177,243718
292330,243043
292346,242484
292271,241891
291938,241504
291586,241332
290641,241661
290067,241571
289567,241145
289310,240728
289222,240040
289404,238899
289684,237827
289849,237214
290066,236542
291087,233363
291600,232922
293099,232307
294079,231512
294359,231059
294540,230540
294393,229944
294150,229493
292752,228412
291990,227569
291084,226130
287958,219611
287719,218978
287608,218539
287591,218134
287864,217993
288239,218198
289236,220329
291730,224329
292138,224689
293064,225260
294522,226381
295524,227231
296373,228137
296726,228897
297133,229255
297516,229163
298885,228426
301126,227022
301140,226776
300697,226573
300220,225902
300105,225153
300183,224503
300680,221761
300828,221115
301196,220074
301695,218946
302106,218371
302954,217378
305026,215589
305967,214627
306389,214145
307096,213176
307425,212626
307907,211401
308290,210141
308535,209529
308868,208949
309660,208073
310604,207109
315390,203326
316533,202577
320266,200205
320913,199968
323521,198462
326106,196235
327049,195286
330075,192650
331369,191855
332956,191308
333828,191313
334251,191438
334527,191626
334789,192029
334731,192743
334456,193207
331261,197063
328530,199954
326552,201792
324298,203434
321985,204266
320730,204895
320124,205287
316002,209853
315576,210339
313788,212933
313211,214097
313066,214745
312694,215790
312439,216309
310515,219019
309355,220318
308833,220767
308204,221091
306114,221831
305638,222125
305194,222545
305028,222817
304954,223467
304953,223776
305173,224032
306118,224343
306339,224599
306248,225184
305874,226538
305691,227028
305101,228467
304287,230238
303770,231305
301810,233843
299611,236336
298837,237328
298100,238448
296433,241235
296359,242194
295789,253406
295786,254057
295969,255120
296176,255934
296379,256408
296566,256540
296840,256707
297434,256545
304892,253962
312751,251770
316545,251206
319818,250776
322035,251497
322497,251752
324590,252898
326477,253511
327056,253612
332840,253815
333622,253757
334659,253514
335358,253176
336116,252434
336744,252125
338411,253738
339045,255010
339149,255444
339154,256064
338677,257304
337878,258203
337270,258607
335660,259068
334810,259127
332753,258776
331308,258674
324877,259352
318619,259807
316938,260302
315625,261048
314033,261603
307870,263670
303008,265284
301562,265821
300859,266139
297441,268491
294105,270278
290756,271992
288557,272914
287407,273666
283541,276450
278086,280404
276955,281240
275931,282205
275882,282947
276345,283191
277619,283607
281744,284676
283003,284680
286175,284438
287002,284325
288707,283878
291299,283252
293742,282956
294760,282936
296075,283455
298072,283907
305029,284987
309920,285658
310971,285779
311179,285970
311270,286346
311232,286841
310755,288999
310275,289267
309628,289497
305126,289148
302924,289138
300590,289245
296486,289802
292895,289934
289613,289726
288837,289751
286857,290029
284042,291037
282786,291344
275731,291790
273549,291845
272493,291717
271806,291830
271013,292090
270399,292486
267883,294373
267899,294749
268085,295197
268640,295511
268885,295838
268935,296091
268623,297344
268362,297856
268010,298360
267399,298724
266566,298855
265310,298551
261995,298507
258699,299167
255830,299978
254034,300677
251643,301482
249181,302027
242754,303091
238850,303204
238533,303205
236887,303206
236047,303344
231332,305225
225421,306771
222994,307137
221478,307037
220216,307056
218513,307461
214803,308726
214105,309053
213473,309666
213302,309958
213288,310490
213473,311261
213784,311888
214526,312942
217206,318330
222257,329761
226285,339310
226529,339927
227435,342012
228956,345247
229340,345844
232272,348432
235398,350872
237066,351863
237679,352106
238957,352500
239032,352507
239999,352560
240607,352801
243107,354945
243440,355626
243353,356210
243017,356773
241072,356855
240570,357061
238438,358306
237991,359045
237901,359628
237914,360657
238008,361320
238307,362528
238625,364081
238728,364838
238863,366000
238915,366535
239010,368472
239136,378443
240856,380612
241636,380584
243496,380738
244733,381307
245789,382076
247569,383835
249382,385749
249517,385946
249702,386674
249720,387391
249938,387968
250557,388201
252189,388726
252831,388806
255595,388510
256425,388381
258543,387379
259432,386849
260319,386008
261209,385446
261883,385274
268255,384311
273720,384131
274060,384211
273815,384820
270910,389872
270651,390104
270001,390346
269272,390303
268238,389930
267608,389923
266717,390148
258431,393246
257023,393895
256413,394286
255967,394720
255619,395194
255425,395708
255704,396536
256002,397086
256319,397387
256320,398008
256137,398216
255466,398385
254297,397803
248051,393949
243451,390693
242955,390247
241248,389421
240135,389078
239487,388992
239077,389268
238654,389762
238320,390325
237463,391931
236980,393165
236633,393663
236042,394111
235331,394452
234611,394388
233997,394147
233592,393768
233200,393172
232888,392522
232663,391973
232626,391503
232702,390854
232906,390408
233114,390271
233498,390242
233774,390423
234222,390930
234465,391605
234588,391804
234775,391913
235334,391620
235851,391168
236076,390783
236169,390232
235320,384273
234445,383011
233762,383105
233143,382863
232147,381993
230982,380794
229903,379012
229905,378389
230124,377072
229445,369625
229282,367991
228907,365865
228759,365292
227964,363065
225782,359017
220339,350450
218152,347070
217023,345387
215429,343091
213248,339698
211473,336687
209771,333651
207267,329016
206937,328289
206385,327006
206140,326383
205183,323457
204996,322715
204001,320592
202591,318138
201519,316660
201019,316222
199006,314776
197892,314102
196817,313588
194115,312825
186800,311577
184688,311312
183243,311199
180969,311216
180202,311355
177162,311472
174236,310468
173627,310219
172520,309548
170356,308116
169850,307693
168076,305938
167190,304887
166510,303711
166064,303199
163471,301334
160176,300730
159436,300607
154932,301483
153150,301933
152448,302253
151911,302632
151408,303143
145616,320707
145408,321491
145224,322624
145147,324846
145283,331104
145408,331946
146466,335214
146689,335788
147061,336325
147592,336606
148947,336963
149728,336938
151889,337113
161762,342934
165191,346235
168222,348330
168482,348714
168240,349335
167905,349913
167557,350362
167111,350796
165928,351085
165478,350891
165034,350383
164351,349212
163445,347469
161020,345613
159961,345507
158552,345219
157893,345051
156665,344569
153152,342136
150536,340503
149923,340275
149204,340216
147810,340639
147289,341085
146433,342072
146099,342644
145615,343851
145207,345070
144428,348240
141645,360822
141681,361616
141732,362159
141941,362636
142346,363335
142865,363834
143362,364267
146756,366164
151257,370021
154868,370919
156481,370769
157818,371074
159045,371549
160100,372310
162211,374459
164263,376715
167262,381806
167560,382351
167891,383058
167947,383598
167825,391355
167810,391884
168544,397070
168734,397817
169765,399439
171691,402124
172564,403096
173567,403925
174010,404456
175270,406978
175546,407768
175613,413130
175526,413682
175227,415017
175021,416429
174928,420767
175273,422504
175909,423747
176183,424568
176279,425238
176054,430340
175900,431007
175663,431634
175508,432302
175970,432583
178201,433286
178928,433353
179709,433297
180501,433026
180952,432585
181355,432012
181611,431480
182296,430444
183190,429591
183672,429622
183916,430276
183730,433006
183501,433696
183167,434246
181872,435675
181516,436159
181238,436623
181145,437206
181651,437615
182112,438519
186873,446246
189771,450570
190283,450757
190883,450610
191679,449707
192409,449106
192753,448960
193088,449030
193588,449465
193831,450118
193537,450801
193103,451312
191472,452679
191032,452783
190397,452768
188391,452338
185387,451655
182330,450146
181268,449385
180546,448386
179831,445615
179587,443883
179514,442310
178513,440210
177953,439886
171784,436926
171168,436685
170631,436736
170277,436907
167623,439544
164227,443604
164037,444140
163942,444723
163888,446690
163996,447770
164311,448409
164689,448932
165594,449750
166150,450077
167650,451352
169545,453244
170337,454227
171114,455459
171429,456097
172139,457006
173530,457850
174740,458260
175478,458389
178261,458785
182808,460584
183304,461023
185164,462128
186328,462709
187741,462976
188949,463058
194383,462734
197334,462855
198670,463162
201563,464014
203270,465167
203775,465598
206369,468089
208761,470428
209946,470771
213414,469812
218690,468180
219114,467692
221542,463219
222285,461140
222358,460805
222641,460334
223472,458945
223906,458426
224937,457555
230559,453860
232119,452845
232697,452924
233059,453173
233342,453945
233492,454547
233251,455149
231656,456973
228522,461150
228316,461597
228087,462293
226311,468391
226312,469046
226647,469730
227704,470508
228002,471064
228134,471885
228096,472379
227947,473052
226778,476871
226461,477184
225834,477190
224197,476358
223924,476177
223865,475642
224195,475393
225419,475565
226012,475402
225849,475076
225552,474830
222395,473888
221674,473821
218777,474232
218037,474411
214809,475996
214014,476292
210965,476421
210248,476348
206885,475532
206274,475312
205770,474885
202933,473927
199150,472669
197757,472451
197130,472442
194844,473118
194136,473443
193522,473840
193244,474307
193156,474859
193411,477792
193732,478422
195901,478920
196684,479508
199778,482752
200964,485598
201262,486159
201596,486571
202174,486976
202784,487197
204693,487587
205658,487689
206901,487289
207422,486845
207852,486328
208315,485970
208892,485748
209425,485710
210731,485843
212562,486274
213217,486653
213711,487075
214157,487617
214359,488104
214379,489134
214163,489486
213978,489687
213435,489757
212915,489582
211468,488504
210279,487853
209685,487699
209217,487745
206551,489652
206238,489962
205905,490520
206029,491377
206328,492561
206426,492913
206844,494017
207178,494705
207569,495307
209095,497613
211134,500747
212377,502864
212545,503223
212433,504054
211765,505140
210649,506058
209976,506239
209551,506104
209202,505944
208311,505231
206529,503149
204489,500661
203025,496703
202909,495942
203154,495314
203375,494619
200851,490857
200388,490557
198922,490709
198255,490543
197159,489951
195024,488058
192416,484826
191499,483656
191390,482958
191172,482058
190834,481363
190488,480885
189514,480178
188775,480058
187569,479665
187015,479317
186515,478883
185746,477759
185346,477054
184674,475659
184339,474930
184105,474276
183732,473762
182704,472822
180592,471620
174439,469670
173009,469325
168722,468905
165559,467970
162487,466664
161929,466334
161425,465919
161036,465299
159982,463924
156904,460721
156385,460237
155825,459905
155047,459947
151577,460243
150588,461034
149735,462033
149219,462487
143838,465235
143126,465594
142238,465799
133415,467457
132738,467533
131175,467620
125940,467495
120710,467379
120147,467690
114221,473949
112412,475925
112061,476397
111735,476937
105539,489148
105386,489813
105350,490280
105459,490741
105757,491300
106370,491539
107153,491492
108879,491142
110183,491283
110582,491670
110791,492180
110863,492477
110640,494107
110509,494525
110306,494647
109749,494642
107259,493214
104400,493134
103934,493490
100348,496515
99832,496956
94939,502981
94127,504121
93601,505189
93227,506254
93081,506922
91455,516559
91396,517275
91398,518540
91439,519304
89854,525003
89743,525489
89479,526669
89482,527300
89720,527946
90149,528406
91320,528660
91947,528651
92541,528510
92749,528360
94427,528107
95142,528176
98301,530715
98652,531156
98519,531605
98113,531848
96648,531990
93866,531568
93306,531559
92394,531704
90985,532353
90369,532775
88881,534071
87598,535564
87283,536198
87097,536732
87188,537413
87633,537940
88988,538955
94167,541689
96081,542387
96749,542540
104164,542486
104815,542254
105280,541897
109644,536958
110314,535847
110799,534609
111621,532830
112083,532469
112562,532520
113007,533037
115867,535633
116449,535731
117094,535494
122224,530435
122684,528812
123097,526963
123320,525649
123578,525126
128899,517005
129488,516848
129953,516830
129564,520316
129448,520801
129057,522088
128839,522775
125210,532276
124636,533125
120346,538394
119916,538889
119316,539355
116996,539535
116534,539898
114334,547548
114233,548034
114210,548595
114261,549140
114505,549778
115341,550926
116327,551374
117000,551517
117677,551441
120354,550782
123215,549893
123678,549559
125444,549026
126971,548799
130109,548416
131967,548580
132038,548874
132375,548957
132931,548667
133861,547962
134325,547594
134751,547096
141791,535801
146201,528459
148558,524320
148739,523814
148758,523252
148703,522712
148700,522085
149523,515873
153984,505613
154241,505085
158943,497672
159318,497255
159836,497140
160188,497595
160165,497843
159961,498284
157474,503478
156875,504584
156471,505153
155944,505610
155523,506115
155299,506458
155173,506910
151340,520963
151267,521298
152096,523671
152955,524577
153756,524909
154390,524905
154940,524639
155388,524199
156466,522503
157170,522164
157580,522534
157638,523073
157635,523730
157540,524281
157414,524733
157128,525194
156613,525623
156002,526007
155296,526347
153607,526548
152231,526415
151668,526711
151134,527387
147569,534896
147081,536141
146603,537669
146472,538089
146301,538691
146322,539384
146599,540209
146858,540591
147471,540836
148237,540727
150764,539145
152110,538584
152767,538645
156998,539172
157594,539346
158151,539673
165040,544506
164886,545485
163645,546824
163014,546834
162550,546554
161267,545538
160661,544644
158245,542879
155718,541312
153913,540746
153267,540971
152414,541980
151887,542437
150572,543160
149777,543422
148936,543553
147324,543101
145090,543655
142014,549943
141767,550565
142045,551358
143683,553479
146001,555508
146563,555839
147839,556210
148620,556196
149305,556073
150845,555632
152113,554994
153805,553851
154393,553714
157218,553944
159130,554671
159637,555083
159765,555287
159836,555578
159352,555857
158834,556008
158112,555942
154380,555213
153836,555264
153135,555606
151053,557383
150528,557843
150107,558346
149868,558939
149497,559357
149027,559698
148195,559830
147599,559683
146971,559342
145535,558385
143905,556898
143016,555515
142380,555201
141757,555204
136118,558283
131849,561085
126262,565238
125829,565734
125640,566270
125534,567069
128526,572715
129211,574518
130513,574028
131682,573359
132902,572571
133617,572239
134508,571998
136118,571831
136918,571889
139426,572447
144416,572231
145168,572025
148936,571023
149624,570931
150939,571458
151300,571602
154761,573515
155211,574014
156327,575321
156530,575818
156340,576356
155750,576495
155196,576171
154841,575685
153930,574903
152371,574333
149809,573556
148547,573567
147841,573874
144310,574627
142319,573934
135658,573769
135060,573932
133794,574558
132642,575325
131808,576389
130733,577762
130394,578338
130066,580139
130005,580884
130339,581563
131438,582795
132126,583025
136045,581322
138368,580190
137791,583899
134352,585304
130248,589423
129871,589836
129787,590389
129617,597609
129822,598110
132831,600692
136659,605237
137054,605857
137771,605930
143288,602424
147888,598431
148266,598014
148637,597595
149309,596497
149786,595247
150271,593405
150464,592241
150369,591572
150238,591366
149975,590954
150179,590825
150362,590943
151183,592622
151314,593765
151325,594174
151219,594660
150754,595974
148286,600302
145181,604005
144143,604894
143011,605736
141244,606865
140108,607705
139514,608185
138667,609160
138475,609697
138420,610410
138348,612656
139932,615167
140333,615537
144545,616940
145123,617020
146523,616586
146990,616245
147784,615976
148596,615774
149405,615790
153044,617089
153857,617853
154931,618683
160032,621341
160549,621532
161195,621301
164858,618883
167238,616707
170539,613514
173307,610691
174479,609049
180029,599703
180289,599172
180527,598542
181570,595448
182808,591593
188044,581603
190572,579381
192720,577586
193596,576652
193837,576054
193951,574913
193892,574064
193163,572114
193001,571442
193094,568646
193256,567445
193369,566928
193653,566458
196030,563346
196567,562654
197086,562210
199630,560698
200369,560524
204604,560424
204940,560800
204917,561358
204684,561959
203400,564729
203175,565112
202414,565222
201019,565017
200392,565016
199423,565259
198796,565567
198367,566085
198031,566642
197976,567352
198201,568249
198907,572968
198072,577527
194583,585331
194008,586486
187400,599187
184021,604617
178042,613832
173753,620047
172992,621113
172007,621903
167656,624099
166960,624421
165431,624670
163351,624539
162519,624686
161900,625077
161566,625629
161517,626343
161703,627085
162496,629340
163498,631150
163858,631601
165103,632785
167536,633360
169409,634242
169186,637775
169136,638487
169085,638574
168705,638999
168038,638856
167426,638595
161387,635296
159691,634208
157876,632632
157117,631787
156647,631507
155315,631210
153041,631321
150075,632055
148494,632064
147251,631803
146285,631108
145405,630144
144834,629723
144271,629394
143556,629327
142654,629579
142144,630009
141861,630470
141713,631139
142159,636085
142403,637058
143108,637968
143683,638391
143943,638803
144037,639474
144131,640801
143998,641221
143651,641392
142462,641073
140764,640307
139669,639716
138072,638679
137219,637805
135863,635829
134928,633721
133728,631386
133369,630928
132964,630556
128726,628772
125958,628454
125266,628224
123483,627422
122984,626968
122241,625913
121315,622822
120961,619190
120400,619510
114347,622736
113898,622852
113937,622387
114700,620689
114924,620315
115475,620025
116076,619554
116499,618428
116615,617913
116629,617349
115519,599019
114685,590617
114511,589961
110911,580910
110508,579900
107435,576173
106547,575109
105731,574371
101789,570952
98172,568141
97056,567467
90446,564693
89169,564299
87694,564121
78985,566514
74005,568076
68205,569207
64650,575550
61399,584645
61231,585244
61113,585757
61056,587108
61210,588025
61446,589308
61766,589942
63917,591291
67615,596608
70554,601384
70854,601949
70939,607684
70885,608430
70549,608966
70009,609516
68277,610645
67760,611082
66905,612088
66425,613321
66347,614285
66348,614917
66662,620920
66685,621303
66978,621865
73182,625856
73786,626001
74579,626056
75419,625928
76348,625217
76776,624697
77299,624258
77911,623867
81731,623400
82390,623458
84804,623956
87369,625078
87630,625471
87757,625997
87293,626356
85845,626885
84950,627102
84279,626951
82532,626289
81789,626154
81095,626248
80748,626406
76659,629630
76645,630194
76774,631671
77333,632940
77629,633183
78744,633545
79484,633680
80191,633651
81813,633788
82480,633941
83315,634437
83892,635171
83986,635849
83456,636322
82963,636201
82327,635867
81553,635916
77943,637279
77238,637623
76967,638078
75601,640571
75846,641214
76109,641611
76585,641982
76958,641893
76976,641645
76943,641481
81513,642719
85862,644629
86457,646056
84360,650600
83969,650942
83374,650772
82331,650083
80877,648719
80714,648374
80805,647791
81015,647325
80976,646877
80864,646448
79151,644026
78592,643674
72614,642795
71998,642869
71443,643177
69975,644575
69598,644978
69062,645664
68298,647036
68097,647505
67870,648189
68036,648536
69860,649509
70265,649869
70561,650429
70197,650834
67497,650801
64674,650551
63668,649065
63631,648299
63408,647403
63166,646756
62911,646327
62450,646049
55526,645586
50711,645924
50527,644526
47981,643822
47258,643770
44171,644056
40790,645702
40767,645951
42480,646464
41235,649058
34931,654527
34413,654956
33792,655364
32991,655640
29489,656419
26989,658801
26591,659350
21930,661643
19460,662182
18237,662960
14325,664413
11079,666868
10654,667377
10600,668095
10687,669420
10741,671213
10487,675227
9962,682013
9459,686956
9219,687572
8558,688663
8129,689171
6975,689932
5560,690600
4236,691352
3198,692233
2788,692808
39,697275
0,697775
170,698134
2799,701337
3468,701487
3986,701032
4483,699902
5578,704916
6083,709131
8077,714878
8454,715406
9530,716245
13588,718870
14702,719554
15373,719698
15944,719469
19535,715473
20198,714377
20376,713779
20408,712962
20322,712278
21205,708595
24210,700728
24533,700099
25157,700103
25610,700611
26025,702250
26109,702935
26148,703704
26094,704454
24350,712008
23777,713088
22454,717040
22066,718006
21584,719236
21437,719903
21384,720620
21566,721388
22019,721894
22623,722147
23301,721972
23705,721390
23742,720923
23653,720208
24199,717697
24259,717348
24547,716608
24946,715930
25908,714114
28368,711930
28684,711297
29631,705918
29271,696303
29239,695504
28725,690674
28287,688551
27946,687846
33820,677851
33927,677683
34359,677170
35010,676926
35638,676927
35811,677281
35848,678049
35636,679462
35498,680130
35324,680728
35104,681412
34618,682641
32569,689952
31027,696634
31862,701876
32473,710047
32509,710815
31922,713800
31602,714431
31078,714895
30074,717190
27818,722653
27846,723134
28683,724255
29580,724976
38116,729726
39383,730040
40237,729985
40725,729702
42249,726933
43472,727107
43698,729901
44123,731596
44460,732324
44987,732804
46717,733705
48272,733654
52952,733748
53409,733296
54034,726028
53508,725234
52451,724468
52096,723990
51720,723161
51598,722633
51540,721768
52196,712450
52257,711703
53980,704736
54205,704051
54726,703581
55427,703589
55747,704217
56623,706750
56680,707299
55165,720462
59926,723683
60816,729175
60672,729842
60711,730606
61081,731147
62216,731890
69764,736483
71073,737248
71254,737060
73831,729384
74982,725144
79164,722592
83885,720625
83919,717295
80920,711656
79287,707630
78838,706481
78832,705833
79750,706008
81091,707564
87429,717759
87655,718645
87564,719856
87321,720476
86989,721018
85945,721913
85316,722247
84462,722610
82953,723236
82416,723586
81829,724053
81450,724461
81118,725034
80818,726366
80157,731257
80136,731821
80774,734350
81751,735145
82948,735787
86626,737245
87241,737473
90043,737647
90717,737789
91346,738110
97613,741337
101300,744046
101801,744500
102192,745094
105610,747718
108877,749118
110145,750997
116694,751263
117522,751133
120941,749958
122561,749778
127338,750565
130033,751244
130480,751117
131032,750816
131403,750428
131643,749802
131608,749015
131272,748312
130376,747285
123555,740521
119315,737478
118349,736775
117995,736318
117824,735666
116951,732154
117140,725630
118469,719619
118712,718995
119081,718611
119785,718274
120306,718443
120753,718977
122525,723181
122710,723927
123582,727716
123659,729294
123549,729810
123195,730918
123347,731504
126248,735513
126604,735970
127008,736337
128235,736821
129574,737129
130360,737079
137122,736359
137734,735940
138045,735635
138382,735085
139178,731968
139307,731203
139085,730331
138753,729629
138511,728972
138102,727321
138097,726695
138154,725985
139505,722252
140595,718423
140675,718090
140538,717259
140148,716644
139316,715816
138050,714239
137697,713472
137939,712847
138108,712557
138368,712341
139034,712493
139597,712817
142472,715196
142921,715692
143291,716242
143606,716877
143905,717759
143693,721265
143388,724197
143319,724844
143465,726082
143695,726955
144007,727589
144749,728685
146846,731075
149936,735180
150274,735878
150316,736664
150254,737408
150164,737960
150648,739267
151097,739792
152876,740601
157398,742547
161355,743540
162130,743504
163030,743264
163637,742896
164062,742382
164234,741778
164652,732774
164501,725205
164385,724442
163884,723386
163416,722801
163030,722195
162712,721565
162288,720485
159363,712928
159134,711403
159062,710801
159065,710175
159135,709528
159358,708805
160029,707698
162699,704205
162961,703985
163476,704171
163892,704531
164004,704982
163854,705652
163612,706248
163005,707269
163297,714796
166322,720170
168010,724105
168105,724803
168346,728606
168420,730143
168318,734125
168163,734795
167402,735863
167145,736397
166921,737088
166924,737712
167723,739331
168995,741844
169304,742159
173056,745811
176294,747372
182188,746922
185700,747369
187140,747479
188034,747255
189486,746119
190336,745423
190839,744912
191789,743321
191969,742808
191934,742026
191876,741490
191655,740597
191427,740015
190831,737653
190367,735146
190272,734483
190277,733830
190332,733118
190477,732448
190814,731888
191239,731401
191851,730991
194057,730051
194428,729650
193965,728733
193699,728333
191493,725786
189074,723713
186495,721929
186031,721321
185472,720359
183948,716807
183724,715912
183458,714233
183424,712825
183565,712155
183902,710974
184012,710456
182361,705420
181145,702801
180515,701549
180123,700945
179679,700430
179606,700111
179696,699872
180202,699332
180834,699337
181425,700148
183676,703750
184008,704470
185710,711222
185832,712698
185930,713364
186484,714978
187842,718199
188515,719606
188961,720118
189782,720853
190250,721147
192083,721857
193476,722053
194256,722036
195165,721872
200294,719018
201184,718166
201464,717692
201889,717202
202410,716751
202961,716459
203299,716520
203433,717030
203446,717436
203264,717948
203008,718486
202304,719449
201258,720349
200649,720730
198458,722087
195784,724016
195564,724370
195798,725015
196998,726621
197234,727265
197092,727938
195620,730604
193971,733779
194117,734385
194511,734981
194957,735492
198841,738717
201125,739951
202952,740612
205013,740948
208004,741237
208778,741208
209620,741062
210971,740492
211585,740107
212627,739197
213053,738704
214053,737043
215015,734570
217119,736356
221934,740742
226841,747729
227145,748280
227290,749190
227329,749970
227220,751082
226925,752116
226476,753173
222800,759929
219113,765679
218684,766175
218479,766628
216885,770670
216379,778994
216469,779375
216693,779952
217284,780123
220184,778446
226853,777630
227688,777501
228209,777072
228633,776543
228708,776207
229112,774371
229707,773914
232386,773570
234506,773806
234916,773554
235360,773115
235760,772551
236000,771946
236265,771403
237099,770309
238342,769613
239217,769328
240046,769194
240757,769176
241421,769311
241984,769656
242462,770648
242819,771105
243191,771314
243727,771252
244435,770923
248241,768166
251543,765591
257243,762515
257869,762207
259160,761963
259803,762027
261220,762937
262018,763597
263271,764154
263988,764219
264676,764127
265768,763434
266101,762892
266343,762283
266342,761660
266176,760349
266120,759509
266176,758767
266325,758092
268229,752810
268475,752201
268991,751759
269829,751611
271109,751698
271873,751576
273174,750795
273689,750351
274381,749295
275027,748111
275282,747561
276378,744381
276822,742351
277413,739706
279653,734148
280104,734041
280678,734125
283854,735174
284150,736984
284662,740878
284551,741370
284400,741738
284008,742376
283917,742308
283862,742432
283785,742740
283884,743427
284052,743804
285407,746363
286249,747198
287435,747827
288214,747791
288432,747691
