55372,614104
55605,619881
55702,621263
55919,621816
57067,623687
57966,625098
58337,625496
59387,625985
60066,626075
60745,626042
61917,625700
63333,624836
64226,624188
64594,623818
65611,623323
67554,623010
70393,622879
71781,623090
71845,623459
71261,624444
66958,630141
66251,630973
65545,631774
64069,633407
61423,636119
61116,636551
56081,643850
55652,644988
55533,646433
55566,647109
55722,647723
56127,648797
57241,649992
58137,650635
63699,653598
65829,654359
68848,653151
69895,652657
71373,651884
72788,651019
80051,645344
84019,641676
88108,637332
88753,636439
88999,635916
89581,634194
89981,633825
90443,633547
94187,632804
100036,634197
100932,634840
102478,636434
102757,636894
105726,640051
106993,641092
109402,642560
128762,653941
129874,654338
131199,654611
132556,654669
133820,654421
140937,652531
141492,652346
142353,651668
142782,650561
145432,649419
146603,649079
148051,649075
149502,649656
150521,650207
151879,651187
160341,658787
162664,664833
162418,665356
162299,666800
162796,669256
163230,670330
170101,685919
170445,688498
170600,689112
170818,689665
171405,690616
172146,691382
179677,699138
187979,707661
189120,707935
194513,707706
197651,707552
199868,707701
208371,708517
208928,708734
210776,709918
212628,711161
213489,711826
214156,712681
216167,711177
218965,708594
228129,697097
229350,688436
229226,687852
229039,685764
229129,683492
229252,682816
229466,682294
230605,680327
233927,675963
235435,674549
236142,673903
238821,672027
240637,670766
243378,668983
245997,667844
250000,666458
251696,665904
252450,665727
255022,664735
255515,664427
256716,663321
256993,662891
257270,662368
257545,661079
258958,653432
259077,647413
258917,647363
258491,647229
258028,646923
256853,641949
256637,640936
256481,638695
256526,635026
257553,634528
258080,634272
258511,633934
259528,632643
260297,631077
268547,611635
269163,609147
269439,606261
269528,603221
269373,601164
269435,599659
269864,597755
271065,593548
272082,591429
279294,582552
284365,577393
284844,576808
285399,575917
286415,573829
287094,572170
287956,569161
289681,560932
289805,560256
290357,554576
290389,553808
290265,552426
289956,550523
289925,549847
290110,548466
290387,547176
291989,541004
292668,538609
293623,537258
295413,536029
297294,535629
297974,535568
299516,535629
300628,536059
301522,536703
301893,537072
302201,537563
302695,538545
303034,539712
303004,541216
302696,547664
302913,547910
303437,548155
304208,548186
304825,548063
305350,547848
310965,542720
311766,541983
312198,540847
312353,540263
312352,538820
311766,537101
311488,536640
310749,535873
309945,535136
309513,534829
308959,534584
308218,533785
307353,532404
306921,531329
307384,529425
308248,528013
309451,526938
311580,525249
315406,523038
317999,521196
318369,520858
323646,514319
326332,509345
327164,507840
327473,507380
328183,506581
339409,494942
346458,489114
346984,488807
352205,487007
353961,486475
393389,473012
417354,464829
437462,457936
452908,452637
480028,443320
508604,422139
545321,394630
556094,381956
577953,356051
584829,347885
595136,335543
599495,331049
601662,329949
602727,328669
603348,326426
611177,296346
613630,286575
615586,279046
616952,273791
620271,261038
623085,264145
624600,265683
625435,266360
627661,267192
628868,267500
640887,266951
641004,265764
640895,265175
635752,249092
632478,239776
633525,231549
634215,230893
635359,230424
636754,229542
637157,229173
637715,228190
637807,227513
637965,221488
637904,220812
637687,220258
635863,216815
628068,210663
627604,210325
627016,210171
626334,210232
624571,210570
621725,208386
619497,206049
618631,204666
616715,201438
615199,198456
615076,197872
615137,196335
613964,191571
613344,189204
612262,185762
611768,184778
611025,184010
602269,179029
601681,178845
601001,178783
596411,178676
595763,178569
595432,178321
595371,178014
595357,177529
595166,170973
596082,170731
597413,170577
605705,171500
607066,171715
608212,172115
610748,174236
612573,175435
617091,177034
618452,177187
625539,175805
626776,175529
631110,173839
633276,172179
632502,170734
630893,169750
628851,168705
626777,167783
625540,167414
621270,167014
620063,166799
616721,165507
607315,159821
601900,156010
600136,154812
588318,154044
587296,154290
585038,155027
583801,155119
582439,154812
580986,154136
579748,153368
563446,140863
555927,130572
550962,123523
549616,121847
548912,121326
537554,117918
526667,115186
509101,115548
508331,128889
503785,131624
493613,134574
492468,134819
491201,134666
490089,134420
489129,133898
488110,132916
486222,130582
484986,130029
474474,127327
473423,127911
472803,129355
472803,130337
467981,131413
463404,132242
458150,132611
457005,132550
455738,132090
439105,125489
437867,124660
433553,119181
421700,121867
420445,121947
418051,121775
408345,118982
407108,118613
400184,116403
395857,113978
395176,113241
394867,112013
392331,100038
392084,98841
392084,97490
392547,94818
392948,93682
393165,90796
392947,89598
392051,87541
391278,86712
390444,86037
389424,85577
388157,85270
386858,85515
385746,85884
384787,86406
383427,86498
382130,86406
379501,84442
377864,83091
372888,80359
371156,79161
369672,77565
369147,76583
368931,75354
368776,72560
369301,70043
369438,68887
366920,66389
366023,65775
365499,65530
364231,65253
362903,65438
356412,67096
354805,67741
351807,69584
348284,69246
346491,68724
344822,68080
343401,67220
338949,62185
331594,58992
330820,58961
328318,59422
326804,59361
323342,58962
320931,58286
319077,57089
311628,51654
305540,46404
304274,45390
302729,44807
299576,44101
296918,43640
296331,43456
294168,42565
292406,41306
291139,40293
282364,31726
281652,30927
280417,29085
280014,28010
279427,27089
278996,26782
278470,26536
271362,25184
270714,25307
268797,26443
265306,21530
260825,19410
258075,18335
255758,16830
241053,0
238889,981
233849,10990
232194,22040
228282,22810
219935,29348
211004,27656
206180,33489
203892,35729
202717,36804
201850,37448
200026,38584
196936,39228
193134,39687
191711,39717
191032,39594
188033,39347
184323,39284
171124,39985
170506,40108
169579,40691
168000,42133
166826,43208
165342,44743
160115,48580
159187,49163
158105,49561
157518,49684
156157,49776
154705,49806
151243,49374
146884,48604
146265,48727
138193,51794
137668,52009
136277,52838
134544,54127
133307,55140
131112,57473
129905,58548
128667,59561
125605,61771
123749,62876
112059,67386
111441,67509
107359,67814
104421,66860
103678,66829
102380,67013
101916,67289
97738,73001
96934,74476
96779,75889
96311,83538
96805,84552
98350,86796
98690,87195
99123,87503
101320,87657
102526,87995
103422,88641
104534,90515
105955,93557
106357,94632
106727,96445
106881,98503
106510,99701
105985,100654
104530,102251
103263,104001
103138,104677
103199,105353
103880,108917
104002,109531
104404,110606
105331,112143
106197,113525
106909,114324
107743,115031
108455,115799
109227,117120
109412,118411
108824,120131
108578,120622
108197,121000
104526,119270
104062,119392
103908,120007
103534,126550
103442,129561
103627,132264
103875,133493
104121,135459
104151,139760
104028,141173
103440,144491
100934,151987
100688,152509
95962,158930
93790,161603
92368,163200
82687,173217
81109,174661
80645,174968
78851,176013
77428,176044
76779,176167
70654,179609
67499,182498
66695,183235
52902,199063
52654,199586
52623,200323
52778,201614
53243,203365
53955,204902
54233,205393
61539,218205
63829,222014
66398,226284
67357,226837
70173,227174
71625,227173
73668,227019
77224,227079
78524,227355
78894,227754
79082,228307
78618,228584
70823,229324
67266,229264
65997,228988
64853,228559
63553,227607
62965,226654
62749,226132
62624,225518
62654,223336
62499,222721
61941,221800
61416,221554
60643,221524
59777,222139
59406,222508
53070,233819
52822,234341
50474,239690
50042,240827
49517,244208
49395,248664
49335,249340
48965,250538
45132,257394
44484,258286
44051,258655
40000,261454
39351,261578
30101,261646
28615,261647
25613,260789
24252,260728
16147,261441
15529,261565
15126,261934
7121,273037
6750,274237
6629,275681
6752,276265
9018,283733
9236,284255
9825,285177
13852,290952
18469,296911
23736,304466
24046,304927
24448,306002
24479,306679
21617,319530
21309,320821
20600,321621
20073,321806
18682,321931
18342,322208
17170,324730
14456,331588
13563,334601
13409,335186
13441,335893
14280,338043
17335,344568
21163,350698
22498,353862
27007,370145
27318,371313
27382,372696
27229,374018
24933,388160
24563,389329
23485,391328
22158,393083
21479,393852
20614,394622
13572,399645
6374,403040
5138,403288
0,400746
192,404281
9676,415729
17881,420877
19799,422042
20975,422408
22460,422559
26477,422152
27838,422395
32293,423831
33283,424475
35048,425916
39259,429381
40033,430148
45456,436899
57193,449568
58029,450243
74146,459923
76466,460687
80267,461602
81193,460893
84603,449427
89447,445117
96726,437271
97343,436441
100516,430261
102117,425743
104888,419257
105443,418273
106154,417504
107047,416796
113164,414730
114090,414421
113628,415558
111715,418203
110944,418941
108534,419497
107702,420174
105517,427274
101276,442579
101836,444483
102609,445250
103537,445863
108484,447852
111664,446557
115924,444708
116850,444154
117715,443477
119318,442000
119936,441169
120952,439079
123254,427403
123649,423164
123912,411183
123787,409801
123446,408634
122920,407713
121526,406025
120723,405258
119515,403478
119420,402096
119512,400560
119787,397795
120339,393955
120954,391496
121416,390329
122033,389498
127867,384485
128763,383870
134972,381099
135129,382174
133956,384079
129943,388476
124920,400799
125539,401628
126065,402641
126468,403716
127099,414159
126025,420242
125872,421717
126183,422853
130829,431755
131385,432676
132097,433535
132933,434210
134323,434208
136670,433683
138962,438748
139365,439823
139367,440836
139218,445444
139065,446734
138510,447656
137678,448425
135116,450364
133666,451963
133113,452978
127512,468897
124412,481035
122422,492742
121717,494955
120825,497199
118481,499415
117710,500184
117312,501352
115407,507254
115195,510111
114952,511494
114645,512631
113936,513554
113166,514262
106537,519650
93028,527757
80032,529321
79167,528617
78608,527850
77772,527083
76507,527086
72932,530566
71070,532871
79739,536727
80266,536972
80699,537309
82818,545753
85312,556655
86031,560095
86097,562245
85900,570081
85504,572509
89053,585343
89735,586202
91993,588538
89559,590627
76594,600953
74871,602248
73916,602835
73206,602867
72526,602777
72002,602533
70979,601276
70083,600633
69558,600388
66159,599107
65481,599078
62702,598963
62024,599027
57550,599623
57151,599993
53344,607011
53396,607571
