605057,471083
596965,460398
594112,457165
593658,456862
588746,455092
587219,455628
583014,455573
582262,455518
568289,450778
564523,449118
563558,448572
563194,448176
562336,446000
561961,444190
561622,443024
561194,441952
560492,440544
556450,434028
545540,419204
538709,411601
531018,400406
523572,388993
508767,372278
508406,371880
477364,362801
473775,362757
469235,364007
460732,354765
461146,353657
461103,350769
460770,349602
454792,342099
446170,337462
431781,330873
431243,330629
430884,330691
427692,332022
421221,335481
418718,337823
415618,340811
414693,341396
413528,341276
401655,335125
400669,334574
399772,333930
398695,332764
398663,331474
399257,329752
399346,329076
399315,328369
391532,314371
390127,312868
389679,312561
386751,309431
384927,305408
385165,304885
387397,300213
387665,299659
381152,288606
369522,277553
366721,278814
365083,279583
361121,281949
360733,282287
360405,282748
357932,287203
357693,287725
357603,288401
357544,289907
358468,300998
358856,302842
359064,303364
359452,303763
360049,303640
360376,303210
360615,302657
360914,301398
361152,300875
361480,300445
362077,300291
362613,300537
363180,301489
365418,306712
366732,310644
366822,311996
366554,313287
362766,322689
362438,323119
360826,323765
358019,324717
357333,324748
352318,322381
351661,321521
349663,318263
349454,317710
349305,317096
349275,316420
349904,311596
350263,310398
351488,304592
351607,303179
351399,302625
349045,296787
341187,278440
340354,277056
337735,273613
337288,273305
336246,272813
334579,272135
333209,271918
332285,272563
330704,274035
329065,274648
327157,275045
326383,275013
325102,274735
324299,274027
324002,273535
321275,265788
321365,265112
321752,264744
322378,264622
323063,264715
323249,259738
320473,246521
314272,237660
308602,232671
307891,231870
304196,222797
303989,222274
299779,206899
298230,198260
297880,195679
297127,189070
296936,183016
295674,178341
295945,177082
295398,171150
294337,169211
293925,168134
293808,167549
292939,160756
292593,157589
292704,150461
292570,145851
290323,135733
289912,134687
287857,129487
286036,125516
279812,104504
275911,89430
269962,71764
264675,59693
254464,37913
249410,29710
245581,24586
244997,23692
241271,16385
234963,3713
233795,0
223688,8957
218653,13594
217637,15800
209122,36211
208883,36578
197513,50601
197068,50904
196061,51388
184059,54516
179998,50115
179856,49498
179505,49126
178977,48876
177711,48588
176267,48452
175647,48569
174106,49262
172683,50110
166303,54078
165917,54443
162599,58777
158509,60643
142414,67059
129452,69623
126373,70234
125218,70559
118130,72998
117655,73270
117267,73634
117374,74127
118422,78323
119434,80272
119605,80796
119687,81418
119250,83407
118348,87397
114569,96791
107779,105162
103329,104129
90647,105538
89547,105955
79472,106899
78851,106860
78172,106758
77142,106252
74664,103573
73845,102854
65542,99846
62312,100170
61824,101209
61726,101884
61835,102501
62034,103027
63691,105143
64271,106074
64609,107217
63416,131012
63277,132456
62934,133651
61025,138731
60106,140872
58905,141963
57890,142441
56484,143282
54834,144643
53200,146927
52710,147966
52523,148579
51061,159480
50823,161600
50873,162277
51122,163512
51812,165060
54115,168108
56398,170386
56949,171316
57149,171934
58721,187092
58770,187770
58632,189214
58445,189796
57810,190679
56939,191344
54122,193028
52917,194119
52428,195158
49498,202685
42451,221322
35485,239991
28337,245980
27994,246960
25383,256337
20216,275062
18460,280822
13404,295641
10842,303142
3971,309071
0,312370
824,321395
6644,389984
9195,409098
9295,410872
10463,408531
10770,408074
11165,407710
11708,407502
19693,405027
20325,404913
30297,403938
39866,403970
46452,404915
52784,407147
53320,407399
53766,407743
53688,409249
54519,409967
57651,411450
58278,411642
59028,411651
59630,411536
65922,409580
66375,409309
67193,408580
67834,407695
68325,406655
68699,405460
68695,403246
68479,401275
68615,399831
68802,399249
69786,397138
70947,395214
72226,393445
72621,393081
73586,392507
80140,390737
80771,390621
89011,390651
90388,390850
91492,391262
95241,393701
100739,401077
101299,402005
105431,411364
115135,428001
115969,428716
117014,429218
120278,429860
132657,401449
149594,362280
157617,343720
158864,344745
159605,345520
162358,348831
164663,352262
164832,353554
164701,354998
164845,355614
165111,356077
168996,360258
170842,361471
171915,361971
181817,366010
183102,366142
185797,365854
186337,365643
186818,365370
187209,365003
187749,364792
188496,364828
192441,365439
194263,365974
195157,366595
195513,366997
199971,376062
202143,382806
202554,383977
202851,384440
203564,385212
214164,395203
214612,395513
215210,395701
216647,395832
226325,394933
228244,394605
252550,390112
263072,386714
270903,381735
275405,377787
275795,377420
276126,376991
276549,375855
277242,369695
283985,370625
285568,371368
287434,372577
289211,373867
291030,375838
293296,378855
294428,380733
294934,381748
295142,382271
297191,388513
302936,389848
314493,388857
315721,388614
326051,386110
326531,385834
326920,385466
331865,379727
340747,385843
348828,387605
350175,387790
352240,387637
353408,387299
355024,386685
356999,385610
358227,385364
359664,385487
365290,388220
366549,389234
366818,389725
369753,392858
370561,393564
371460,394209
372508,394700
373796,394976
375323,395036
375952,394913
377029,394513
377508,394205
384391,391526
393670,390286
394358,390223
395885,390283
399239,390861
401695,391605
406938,393194
411583,395262
414851,397344
417162,399336
420074,402493
423167,405496
424729,406967
428694,410612
429594,411255
432956,413273
442020,417792
446313,419682
448654,420473
451143,421078
452523,421288
453963,421406
457232,421916
463202,422967
466234,423846
468426,424758
468937,425001
470290,425979
480594,436225
482734,438427
491304,448063
495562,452988
497889,455987
498828,457365
501069,461009
501645,461959
503010,464348
504861,467749
509871,477062
513577,483893
514969,485513
515785,486246
516661,486886
537040,500063
547432,506446
548399,507023
550273,508208
552147,509424
555654,511765
557440,513043
572861,525896
575532,528579
577420,531238
579130,534052
579650,535032
582220,539991
582406,540542
582408,541073
589987,557079
590477,558089
591274,559558
591855,560476
594238,564144
594908,564999
596369,566585
597190,567378
598070,568016
599586,568833
600706,569254
602217,569671
603972,570270
605697,570870
607967,571711
610237,572551
611813,573306
613299,574122
615606,575731
616943,576671
620378,579376
621199,580106
622661,581538
623334,582392
628328,590247
631337,595507
631830,596517
632689,597923
633638,599267
635320,601372
637368,603873
638101,604727
639567,606312
643411,610118
649478,603477
652608,604255
654417,604810
658177,606155
663777,610002
664083,610245
667450,614176
670631,617710
676054,621496
681377,618946
681827,618664
687974,614073
688752,613357
689079,612892
689346,612396
689428,611688
689392,611165
688462,609084
687876,608138
687561,607003
687492,606296
687536,604788
687588,604019
687762,603432
689255,601877
700868,592419
721594,582809
721201,580506
718480,573187
717578,571106
716863,569546
716188,568693
710327,563537
709533,562839
708986,562569
708381,562392
707840,562614
707432,563727
707319,564405
706904,567456
706902,569641
706728,570258
706401,570693
705535,571442
702259,572683
700420,572920
696307,572324
695642,572209
694579,571729
686989,568097
683365,562664
681854,557360
679253,548962
678849,547891
678264,546944
677165,545788
661678,533291
653652,529597
653173,529879
652093,530290
650769,530458
648630,530542
647936,530457
646727,530101
640921,528133
639862,527652
639129,526767
636906,512707
636362,506624
635824,504169
630837,490322
629823,488303
629548,487845
622893,481147
618137,477628
617686,477602
617055,477731
615712,478667
615928,479218
616471,479459
617162,479421
618302,479072
618992,479034
620055,479542
621788,480509
622381,481060
622567,481581
623947,490300
623560,490673
622868,490710
619293,488163
618839,487829
608537,476676
606082,474547
