272472,336863
272388,334743
282717,312015
286766,309327
310994,303808
311360,303871
311693,304332
311905,304855
312176,306146
312418,306668
312813,307038
313300,307316
319262,310371
321727,310899
322336,310901
324809,310309
325170,310293
347990,305115
348509,304716
348418,304041
347780,303149
347508,301858
347632,300477
347755,299863
348337,297560
383188,297448
383988,297538
393599,297453
396104,297452
422894,297450
426518,298738
426853,299167
427798,300518
428041,301040
434018,312768
435877,313934
440754,318229
443803,321267
446731,324612
448623,327281
456411,341031
464174,354656
473674,364530
474132,364806
479448,369403
483848,373387
484185,373847
484247,374523
484187,375045
482919,381866
482768,382450
481824,383772
481063,384572
480179,385188
476862,390047
474950,396561
474982,397329
475136,397943
475381,398465
475778,398832
476298,399047
477458,399229
478923,399288
481823,399067
488631,399422
489853,399696
493596,401061
492964,403089
491093,408631
490790,409830
490399,412441
490339,413117
491089,421377
491429,423342
492384,427056
500077,438035
501241,439599
497993,449557
497291,449651
496802,449867
493169,451932
488503,457838
488290,458361
480284,478215
480082,485217
495039,484238
496231,483897
497759,483096
499103,482141
502035,480046
502859,479338
508535,473735
508840,473273
510117,469984
513405,464202
513710,463740
514137,463432
520707,461879
521380,461816
527289,464129
532612,465317
533162,465100
533620,464761
537951,461400
560442,465502
568070,462394
570249,462762
573615,463272
579084,461959
579603,461712
579999,461311
592181,463471
593804,463802
596382,465788
613574,479444
615969,499495
621857,514308
622260,515443
622294,516211
622144,516827
621181,520334
620969,520857
620665,521320
619536,522339
619020,523324
618900,523940
618922,528733
621927,535724
627519,545377
628201,546249
627806,546581
627527,547036
625865,552176
625656,553467
625426,556787
625522,557493
626078,558474
626824,560775
624949,566437
621795,574256
621340,575333
621036,575795
619570,577338
617767,578575
617003,579346
616637,579747
616120,580733
613601,587165
613696,587840
613896,588388
615806,586295
616539,585524
618035,583951
620784,581389
630934,580944
631548,580941
633023,581733
640835,586029
644657,589667
656530,601994
656935,603129
656723,603652
655422,606789
655753,606238
657192,605371
657712,605153
663471,602911
670578,600324
677143,599889
677514,600256
684441,598496
684807,598126
685169,596986
685796,593847
690216,583218
691344,582074
699503,571266
699652,570650
699259,566564
699011,566043
698374,565958
697997,565834
697841,565405
697929,564697
699263,557096
699716,556017
700113,555615
703161,552614
704746,551067
714367,551283
716767,551349
716518,555080
716432,555911
715983,557666
716173,559016
716363,559447
716932,559841
718211,560726
724005,564624
725911,565725
731343,560885
733234,559273
734309,559481
746241,563241
752958,567130
753359,567342
753882,567554
754402,567335
757022,564609
757325,564145
757412,563468
757157,562178
757111,560057
757168,559380
757589,558300
767184,540942
768712,538394
765851,535200
764799,533947
764519,533488
764331,532905
764294,532136
764381,531459
764591,530904
768699,522936
769305,522008
771160,520055
771365,518762
771767,515406
771909,514051
771497,513189
775307,513439
783271,514677
782972,513284
782564,512149
777340,499733
774987,496892
771109,498647
769762,498812
769271,498693
765124,497557
757963,495031
751951,490373
751585,486593
751243,482105
750186,467977
750331,467535
751028,466698
755124,461960
756864,461392
757630,461385
782586,461173
796903,462613
797365,462916
800455,465811
801137,466636
803284,470247
803534,470768
803859,472734
804207,473931
804426,474483
804828,474848
805996,475207
806670,475262
810411,475412
814238,475038
816056,474519
815881,473791
815009,472353
813918,470394
812948,468279
812790,467696
812707,455818
813008,448891
812940,448215
812379,447236
804599,437432
803796,436671
799812,433047
799350,432744
790422,430582
788529,430999
786944,431721
786148,431729
783998,430856
782612,429977
782211,429611
781651,428632
781297,426666
781290,425897
781492,424603
783500,413386
784230,409626
784586,408484
785453,406322
786357,404929
787115,404153
788026,403529
797242,398179
805393,397734
805883,396678
805784,396002
805224,395023
804762,394719
798648,391888
787711,386579
786357,385700
785926,385335
785306,384418
785056,383897
784897,383284
784944,381837
785146,380543
785501,379309
789389,367518
789806,366437
781152,362584
779324,363093
774589,363170
773274,362998
770393,362071
769403,360789
768927,359725
763971,354749
761433,351143
760112,347064
759905,344482
759595,337472
762881,317230
763120,316675
763386,316567
763971,316297
764241,315833
764387,315216
764131,310789
764063,310113
761237,308049
758242,304294
758084,303711
757820,301653
759091,297519
759299,296963
763288,290248
764043,289472
764497,289160
765105,289000
767237,288794
769000,288222
769970,287659
771424,286783
773179,285442
774265,284292
775165,282899
778049,276925
781548,269510
781663,268893
781656,268278
780998,266593
778399,259944
778180,259423
777131,258173
776640,257871
759426,248513
755140,249356
754472,249455
753070,249346
751299,248840
750681,247954
745337,240225
745088,239674
743853,234765
739302,211404
742913,201556
742491,184028
737158,179499
736300,178831
735752,178622
735142,178474
734383,178512
724033,179445
718279,184513
710383,188216
701440,190419
700831,190271
700342,189998
699787,189019
699532,187730
699518,186193
699635,185577
699781,184961
700404,183356
707339,171147
721107,153579
721950,152863
722464,152643
723920,152536
725017,152956
726422,153834
726970,154044
730097,154043
731494,154028
732766,153769
733310,153518
733700,153114
734268,152216
734712,151135
735057,149225
734440,143852
734300,143573
733136,142478
731032,141516
725060,139147
723446,138517
722838,138369
722049,138377
720050,138735
718924,138377
717520,137499
716934,136521
715267,130477
713765,132032
710803,133075
710198,133266
707857,132704
707249,132556
704104,130372
703676,130069
701988,127901
701680,127443
700068,123676
698174,118623
697564,115336
697122,113434
696627,112393
696021,112398
695478,112649
693763,113988
693403,114391
692530,115075
692077,115233
689222,114644
688615,114496
682593,112214
686638,90593
687990,82925
686035,74031
671140,53686
670081,53726
668176,53681
667533,52796
665932,50204
665813,49859
665613,47740
665770,44910
666420,43275
668416,39968
669609,38112
669845,37557
669713,36266
668674,34985
665893,31628
665527,31262
658269,27083
657207,26662
655786,26552
654276,26595
647073,21492
646528,21281
635915,19862
629537,19361
624568,21087
624057,21306
619915,24841
619858,25395
620104,25916
625906,30267
631288,34714
631624,35172
631690,35848
630755,40584
629554,44962
628444,46139
626034,47263
623346,47560
620350,47121
600571,54603
595357,57126
593973,58057
593222,58830
591841,60467
591151,61332
590825,62502
590834,63854
591019,64467
591364,66432
591277,67109
591069,67663
587437,72264
581692,72482
580996,72425
569644,69529
564534,65296
544474,56025
543838,55813
519640,50938
519097,51033
518796,51494
518799,52201
519078,54228
519021,54934
518659,55335
516038,57434
506294,62783
504995,63064
493729,76523
483962,87812
480448,87218
477208,85936
475694,85141
475330,84773
474813,83730
474384,81058
473896,79247
473653,78725
466274,63505
458429,54335
458217,54121
457823,53753
455917,52128
453830,51179
451353,50937
449933,51062
441596,52732
441203,53101
440932,53562
440782,54177
435109,63029
430098,70774
429343,71543
427569,73023
427137,73909
426744,74278
426230,74524
420516,76586
419125,76617
418521,76463
411777,73517
410900,72872
409110,70861
405791,64916
405095,64087
404551,63872
401136,62766
397212,61633
396119,60983
392403,57173
392283,55883
392284,53241
393010,51675
393313,51214
394068,50447
394522,50109
396335,49618
396878,49373
397241,48973
397846,48052
404432,33647
405519,30944
399633,28885
395316,27932
393233,27746
389580,27990
376718,28871
376174,29116
375358,29822
372639,31723
370675,32826
366023,33926
363728,34015
354580,33263
348757,30733
333688,31651
323446,33590
321781,35090
320419,36038
318847,36771
316035,37684
299785,42474
296730,38877
295532,36230
294419,35059
293937,34750
288901,32979
285914,32229
284647,31947
283348,31911
282139,32244
274000,35526
273461,34602
269354,28069
268572,27328
267968,27202
251859,24202
245487,18943
240556,15504
239502,15068
237962,15089
237267,15208
236208,15693
235298,16303
234934,16700
234629,17190
234350,18387
233783,22317
233569,22838
232659,23478
231509,23901
224598,23151
222885,21819
222227,20923
221750,19876
221573,19260
221196,16830
221350,16370
222724,13982
223978,11439
224258,10212
224231,9597
223527,6396
222900,5501
222180,4697
206407,3208
195124,3402
190091,1644
160645,51
151370,0
150771,3806
150475,6509
150455,8723
150884,11370
151297,12512
152038,14086
153321,15880
154756,17522
157123,19757
157810,20562
158315,21611
158667,22844
158775,24290
158583,25579
156048,39238
155526,40217
152902,42541
152018,43906
148942,46370
141500,46795
140896,46790
140262,46661
140268,46046
140634,45650
141516,45012
141883,44647
142189,44158
142316,43544
142079,43019
141086,42518
140391,42450
135056,43969
124431,51495
123691,52284
123356,52929
123099,53971
122778,57563
124311,57858
127634,58289
132508,61133
133494,62464
142050,69951
143856,71043
147028,71655
147723,71691
150017,72388
150889,73071
151218,73535
151395,74121
151442,74951
151516,99207
151097,105936
150880,106457
144523,109385
143278,109713
119629,114421
118174,114377
110944,114106
110415,114334
109747,114451
107655,114431
107050,114302
106477,114081
104157,112613
103047,111434
88967,109908
88599,110304
87984,111221
85333,115407
75143,121267
71918,122991
63730,127603
62694,128084
60507,128306
57441,128395
55318,128309
54293,127775
53052,127515
49381,127473
46316,127561
44918,127729
44461,127909
43942,128149
42656,129180
41181,130763
33468,141349
31057,144982
30469,145929
28507,150029
27941,151715
27116,154629
26640,156408
26004,158800
23715,164804
17352,175899
13231,182436
7987,188589
7141,189003
1527,194574
848,195427
288,196374
69,196926
0,197602
42,199111
413,201085
1216,202603
5776,208044
6167,208418
7556,209266
8739,209649
10045,209818
10836,209797
13334,209580
14603,207779
14882,207321
14921,206645
17608,195351
19134,192323
22533,187716
23407,188403
24013,188533
24774,188511
35796,187130
36406,186952
36865,186649
42677,180684
43239,182106
38823,188333
38084,189124
37564,189365
33144,190392
29305,191117
29086,191669
28828,192897
28691,194249
29763,204292
33119,203438
33729,203260
34038,202802
36501,202952
40726,211521
39743,217910
39768,218495
40863,224106
41162,224571
41708,224761
42628,224156
48305,219632
48524,219081
51200,213449
54614,207025
55232,206108
56061,205379
61242,201342
62289,203075
57664,209148
51502,217595
50962,218707
50209,220883
49832,222017
44927,236886
44859,237562
45141,242580
45956,243327
50309,243433
53083,243062
54885,242527
55436,242286
59271,239402
58283,240685
57974,241143
57663,247784
57618,249260
57795,249847
58756,251210
67624,263078
92505,283913
93383,284566
101745,290204
102777,290704
103539,290680
110351,292397
123957,302191
125985,303897
134251,311276
136071,312519
137682,313146
140757,313691
141888,313269
145836,311176
146480,310535
147248,309772
149121,307818
150075,306503
150353,306013
150726,304878
151630,301569
151932,302490
152161,304612
151686,307129
151469,307681
149369,311601
148631,312395
147284,313338
146516,314132
146238,314591
144284,319280
144158,319894
144270,321339
144688,322480
145021,322912
146172,324027
147113,324618
148817,325183
150219,325285
150890,325197
152723,324687
153091,324444
155762,321696
156136,320530
156327,319241
156179,318656
155034,316712
154794,316156
154590,314803
154867,314344
155633,313703
159352,318247
161614,321981
161968,323796
160887,325726
153137,344607
166061,351238
167064,351736
167613,351801
168072,351650
169329,350613
169698,350216
170868,348348
172802,345094
169682,352736
169465,353288
169274,354577
169300,355315
169720,356455
181538,375825
192297,384428
196783,384821
197082,391736
191151,398588
190874,399047
190718,399661
190806,400337
191776,401695
193326,403178
194173,403621
194704,402448
196791,400707
197771,400159
199454,399492
206122,397621
206824,397686
207342,397904
210503,400869
211904,401736
213520,402359
214894,402488
215597,402399
217280,401731
223253,397765
225888,395872
226564,394861
229341,388606
231082,381425
232231,377068
232447,376515
232845,376118
234435,375418
235168,375391
241912,375512
242461,375729
242794,376161
243312,376378
246519,375838
247069,375595
249027,374466
261953,361338
262169,360786
263686,354832
267446,344156
269045,340475
272630,337639
