97388,251820
91703,252894
90412,252105
88852,250571
86571,248809
85114,248047
84650,247978
84240,248066
83277,249133
70021,271084
69902,271483
69988,271918
70131,272260
70369,272542
70835,272612
75278,272716
74478,277185
68912,286642
63463,292634
52259,303821
51742,304304
46445,309199
45761,309524
43968,309701
39655,311427
39350,311605
38057,312905
37899,313241
38156,313494
38568,313627
40332,313946
41293,313937
47476,312900
53443,311293
53766,311115
53887,310715
53544,310028
53552,309627
53692,309228
53905,308923
54423,308439
63976,304634
68917,307071
85084,307723
89281,307501
90148,307420
90922,307151
91510,306757
92731,305381
95367,301859
97103,299500
99318,296126
99688,294863
105158,295692
111749,299491
113793,302227
102557,306018
86339,310892
78919,312331
77159,312520
76917,311799
76673,311493
76431,311335
59605,312033
58773,312203
57213,312976
56945,313218
55677,314491
55557,314798
55165,318406
49403,326077
44019,332978
44056,343333
47319,345876
47681,345791
48550,345933
49870,347197
50351,347794
50439,348136
50018,348281
40636,349562
38151,349505
36406,349434
35991,349331
22088,344625
22118,344223
22142,343297
22058,342893
21761,342669
21305,342687
18918,343334
15724,344329
14726,344734
8140,348750
1074,353826
800,354096
638,354431
0,357874
20,359699
193,362116
478,362743
1554,363673
1911,363838
2424,363885
6229,362700
7339,361867
9798,361753
13548,362416
19726,362709
26050,361050
28752,360252
30742,359776
36411,358953
40246,358393
41217,358322
43157,358304
45400,358291
48702,358577
49059,358801
46033,361611
33136,369416
28286,370565
25927,371092
25196,371352
23657,371900
14944,375284
13956,375813
6163,387741
7289,391792
8151,398479
14509,392429
14765,392188
15793,391722
17081,391510
17539,391584
17879,391748
19296,393888
19460,394201
19565,394606
19693,395537
18907,398453
24386,402335
27928,400322
35744,397358
51672,391367
53175,390872
56368,390007
60411,389620
60829,389782
60710,390027
59781,390597
46951,397451
37956,402045
33304,404873
32972,405112
31565,406160
31460,406560
31585,406934
31887,407157
32629,407422
32049,410808
26962,414486
22048,417854
21820,419950
27976,420167
28438,420148
29214,419919
34745,417980
35529,417349
35747,417077
35910,416710
35919,416307
44552,413749
46560,413359
54240,411172
54681,411032
56815,410332
57037,410206
62318,407053
62515,406747
63476,403426
69220,406337
69870,407676
69273,410108
69152,410415
68467,411206
67825,411691
64727,413090
64011,413356
62258,413602
58323,415155
57905,415315
48655,419892
46272,421573
41642,425492
41633,425893
41878,426146
42222,426308
42683,426380
44365,426107
45766,425488
53056,422144
59296,418926
59120,421178
55169,425399
54895,425641
53704,426453
53060,426841
51462,427737
50471,428150
46389,430693
44549,431952
43409,433843
43285,436901
43980,436841
44640,436744
46736,436262
50309,435223
50972,434896
51247,434655
51253,434346
55871,430048
68652,427896
73847,434653
74655,434789
75621,434711
83874,433717
84439,433323
88826,429641
92431,426318
101343,425119
108359,424351
118454,423439
121089,423859
121436,423737
130936,417082
132058,415481
133256,413601
140625,409052
145387,407609
146021,407240
147865,405480
148192,404770
148979,403010
148967,398518
148979,398240
148475,396386
146387,391205
145947,390679
145604,390432
144801,390246
143825,390151
141932,390241
140556,390083
140059,389958
139946,389794
139868,389679
140443,389310
140845,389156
142866,388406
143083,388327
144249,388391
149697,388706
154935,389263
157347,392598
156965,393246
155186,394576
154134,394916
153828,395164
152610,397382
152645,397902
152805,398087
152978,398198
153369,399118
157583,399579
157986,399517
163480,397438
168182,394769
177052,388555
179450,382981
179598,382085
179609,380664
179603,378918
180973,382077
181529,382506
181931,382690
182332,382810
188293,383204
189151,383074
197653,377135
197879,376793
200529,370743
200487,370280
200350,369910
199014,369614
196648,369203
195390,369028
198191,365049
208015,362076
212530,361127
226781,359142
230458,360879
230540,361279
230885,361459
235289,360955
237412,360548
237879,360015
239479,356959
239621,350961
239371,349668
238287,346287
237834,345665
237646,345371
237582,344970
237760,344285
237854,344224
238908,344885
243347,352316
243587,352992
244384,357056
246576,357385
249145,356595
249406,356342
250095,354629
252003,351284
263450,353793
274118,353449
278685,354510
278827,354846
279631,355104
280602,355172
281019,355099
281377,354997
281596,354652
283401,350307
283685,349558
284049,348281
283889,347945
283313,347002
283041,346762
279668,343943
277848,343217
277616,343038
271584,335830
271478,335369
273055,333290
273613,332905
274091,333079
280698,331057
288335,318609
289270,316976
290504,314591
291002,313526
291186,312686
291177,311697
291050,309877
290433,307390
290291,307023
289898,306416
289632,305681
289428,304419
289424,302935
289652,301043
289893,300232
291007,297758
291362,297036
294152,292226
293875,289142
293982,287686
294161,286752
294640,285161
295730,282099
295887,281723
296535,280838
299011,277889
302533,268967
300599,251091
300442,250231
294964,234966
290136,228985
287325,225200
287055,224157
287029,223910
291298,220571
291915,220182
296165,204871
296227,204498
296234,202921
296169,201995
295878,200303
294471,198181
292972,197916
291603,197678
291285,197472
286839,192560
285258,188616
284914,187533
284135,183297
284117,182318
284302,179427
284670,176232
283523,170605
281145,167301
278774,166778
278016,166489
277474,166009
277022,165526
276307,164741
275524,163463
275113,162392
274999,161529
274832,157947
274892,157481
276167,151233
276377,150918
276700,150723
277117,150650
278031,150780
279243,151150
280787,151664
284808,153406
289155,154951
289648,154997
290067,154985
290750,154656
291854,153757
292652,153021
292860,152675
292975,152270
292945,151868
292806,151501
291188,148550
290837,148375
290100,148706
289239,148516
288417,147828
283697,143759
281748,141710
281662,141249
281908,141013
281867,140779
281531,140448
281125,140212
280467,140076
277159,139393
276451,139412
276111,139575
275791,139863
275564,140209
275464,140552
275419,140893
275446,141232
270223,145945
262389,146972
259896,147741
259756,147991
258987,148566
258654,148357
258148,147689
256588,145497
251127,132446
243268,121045
243330,120549
241963,115351
241552,114648
238820,111547
238177,110940
235047,108494
231718,106853
231356,106766
230996,106834
229586,107662
223059,115928
222182,121227
224223,124565
224392,124903
224470,125273
224227,128306
215578,139591
215184,139936
213473,141010
212364,140963
197369,139587
194050,137887
193393,137491
193154,137184
193111,136443
193177,135607
193083,135238
192862,134869
188318,131258
187956,131261
185004,131531
180584,131683
180257,131685
178238,130244
177546,129599
177180,128921
177067,128148
177036,125707
176675,122433
176619,122062
176454,121692
175005,121143
172327,120568
166523,114161
165547,113700
164859,113145
164226,112436
158298,105122
158117,104751
157322,102311
165393,97473
171605,94670
179176,92221
184408,87674
182751,84070
178102,83418
177725,83235
174410,79944
173923,79205
173031,76118
173172,75747
178451,72227
179308,72006
179649,72127
179991,72496
185159,74749
197074,68836
201529,61316
203087,58201
203964,55439
206276,47529
211265,37234
215946,34352
219373,28650
220241,27461
221776,25892
222723,25320
227582,22614
234741,18344
235855,17426
236086,15628
235634,15050
234504,14143
228370,11779
219977,5484
219441,4997
216241,3034
207766,57
207413,0
206499,103
206185,354
209063,5172
206779,10024
199142,11873
196947,18294
196761,19193
196731,19719
196823,20120
197149,20796
198396,21680
199075,22415
202881,27289
202997,28153
203600,35937
203552,36402
203204,37086
202732,37647
202007,37965
201599,38000
199761,38731
199090,39078
198790,39267
196144,41086
195370,41897
193314,44451
191041,46821
189820,47634
188669,48263
188542,47893
188556,47490
191464,38223
192709,36481
193873,35667
195348,34045
196067,33204
197288,32944
197659,32786
198162,31760
198428,29965
198471,29006
198250,28174
191741,13212
191242,12660
189895,11961
189103,12245
187294,13373
184890,15189
183094,16882
181412,18970
181646,20156
183861,21426
184859,22606
186281,23485
186562,23187
185920,20864
185873,19380
185955,18422
186182,18080
186534,17985
186889,18167
187335,18689
188773,23841
189377,26216
189363,26711
187775,31916
187565,32166
187103,32046
187028,31613
187202,30201
187535,28173
187123,26297
186518,24868
182762,22126
180221,22934
179976,19969
181124,18083
181277,15510
177109,17909
176274,20435
174561,22817
171609,20754
169338,18538
166756,22419
156607,26861
147945,30538
139029,42792
138957,43193
140897,46354
142458,47890
143594,49104
142638,50042
138813,49498
138896,51415
139001,52219
140224,54108
142821,55691
143516,56002
143819,55879
143998,55477
143786,54642
143699,53715
144429,53438
145677,53193
146122,53224
146531,53379
146763,53658
148007,56410
148131,56813
148024,57152
145576,60518
144629,61351
136763,65596
134473,66576
134009,66606
128570,68125
128212,68247
125274,69312
120996,72653
120421,73113
117033,76117
116816,76424
116741,76825
117322,80384
117518,80634
120073,81704
123026,82373
124486,83959
127923,85122
130645,86033
132244,85639
143171,84438
156227,83426
157415,88123
155406,90165
151203,95606
151076,96131
150013,101261
145872,101628
143755,101948
142809,102519
140284,104120
126180,113548
125489,114318
125052,114964
124995,115427
125029,115829
125171,116262
126413,117012
127751,116803
129199,116254
130030,116072
130536,116106
134071,117266
134720,117608
135260,118012
137808,123429
137392,123521
128139,125243
119766,124511
109016,122752
108729,122533
107954,122247
107521,122150
101702,121750
100726,121708
100326,121857
99743,122252
99469,122497
94747,131219
94471,134429
94664,135796
93463,133768
90452,127144
89745,123271
89605,122928
86132,120345
81574,118113
71087,118371
65250,118294
55306,116672
54499,116346
51679,115574
51262,115657
48935,116285
48622,116525
48416,116830
48300,117167
48272,117630
48351,118096
47920,122755
46559,127609
45361,129251
45101,129523
44754,129639
43305,129605
40560,129168
39808,128809
39478,128244
39262,127435
39220,126909
39303,126508
39705,126364
40062,126589
40310,126812
40582,127529
40828,127844
41362,128260
41886,128303
42706,128106
43108,127992
44335,126661
45108,125349
45793,123943
45691,123663
38510,119037
38169,118967
37787,119019
34083,122419
32926,123750
30855,126726
29419,139830
29471,141254
29663,141568
30158,142107
30858,142435
32122,142746
32631,142759
33400,142532
33573,142196
33584,141763
33198,138414
32484,135829
37011,128307
37289,128066
37741,128139
41255,132363
41370,132551
42686,138835
41853,140268
41901,145835
47146,152902
48695,155014
51082,158505
51303,159283
51449,161790
51419,162315
50952,162830
50585,162884
50242,162722
50048,162409
49634,161317
49732,161010
49958,160706
49849,159838
49711,159495
49350,159302
46514,158112
46273,158107
44204,157824
43415,158053
43118,158262
40938,167053
41076,167396
41325,167650
43060,168495
43940,168392
47596,167548
49159,167119
50804,166259
51344,165776
51742,165105
52003,164863
52299,164684
52721,164600
55279,164500
57125,164445
65644,164828
65727,165263
65991,168730
64866,170254
64129,170550
63304,170720
62729,171110
62468,171384
62022,173632
62217,173975
64116,175125
64516,175287
65336,175426
65419,175891
64097,177072
62622,177662
61671,177582
61308,177420
61021,177136
57747,176978
47024,178295
46656,178379
43672,179083
43040,179501
41673,186951
42226,191509
42310,191851
42850,192328
45582,194183
48388,196070
49715,196780
51051,197057
52061,197139
56456,197164
56509,197202
56593,197605
56329,197909
55960,197995
50902,198011
50389,197938
49695,197707
44658,195986
36818,196295
36412,196377
34045,196875
23968,202207
23120,202895
22909,203229
24139,217642
24219,218076
34958,221601
38044,222419
38524,222430
40819,221100
40945,220917
41018,220641
41097,220105
43775,218411
48318,217616
48817,217627
49398,218073
50096,219943
50180,220347
49851,221050
49112,221869
48529,222321
47855,222707
46203,222980
43538,224570
43253,224898
42035,228079
42005,228603
42183,228885
49813,231344
50277,231292
52682,229674
52946,229432
54945,226753
55274,226049
55488,224631
55760,223988
58208,221781
58790,221329
59252,221307
64881,221723
65427,222197
65271,226645
65152,227045
64071,228478
63806,228782
63490,228900
63084,228799
61579,231027
60556,236077
60464,237002
60549,237406
60926,238031
61585,238477
68947,239631
70285,239470
72396,238578
72880,238493
82167,237434
86858,237408
88694,237341
90995,237155
95493,236129
98525,235176
99122,234780
99531,234662
100032,234667
104861,235212
106136,235565
106433,249011
106207,249318
105797,249406
103511,247591
103367,247218
103353,246755
99588,246251
99179,246339
99007,246708
99189,247019
99798,247397
101970,248714
