855018,1065702
855098,1065768
933773,1137422
1045470,1234593
1046724,1236107
1057455,1250090
1079912,1279443
1094870,1299004
1105545,1312969
1110667,1319831
1112276,1319531
1139863,1316144
1148474,1315092
1158824,1313843
1176067,1311748
1207362,1307964
1224313,1310587
1233550,1312021
1252006,1314942
1270496,1317813
1272442,1318036
1307636,1321520
1318099,1316017
1339193,1305126
1346379,1301474
1353858,1311126
1368721,1330524
1372838,1335976
1389677,1346628
1392286,1348276
1393554,1349162
1402285,1367477
1410972,1385839
1416833,1398383
1441620,1385366
1440322,1407195
1439410,1421469
1438906,1428929
1436650,1448959
1433841,1448991
1433557,1458643
1433360,1466691
1432785,1490869
1432735,1495649
1473912,1495960
1474917,1507777
1475417,1514472
1476296,1524592
1476452,1525981
1476769,1527740
1482798,1556227
1489729,1587948
1493040,1589083
1494573,1589407
1502797,1590742
1519256,1591476
1526574,1591271
1542633,1590748
1550088,1590152
1554303,1589602
1558189,1588619
1566890,1586919
1575291,1585796
1576525,1585692
1577201,1585716
1591677,1586549
1596269,1592355
1605508,1599514
1606159,1599445
1606698,1599560
1609053,1600947
1610244,1602656
1609597,1608187
1609490,1608929
1607239,1616979
1606205,1620108
1604920,1622006
1603811,1623193
1602094,1624449
1601646,1627847
1615714,1639466
1617471,1640829
1619485,1642001
1620210,1642295
1623536,1644344
1624579,1644914
1636405,1650917
1638480,1651250
1649327,1650464
1651309,1649562
1651727,1649245
1652462,1648430
1652759,1647961
1652885,1642406
1650812,1637295
1647438,1635046
1645401,1621481
1647429,1614933
1649334,1613015
1651792,1611887
1652014,1611867
1653323,1611271
1657094,1609190
1657946,1608555
1658312,1608178
1658994,1607268
1659239,1606708
1659711,1604631
1660085,1602371
1660676,1600446
1661411,1598734
1662287,1597172
1663017,1596355
1663430,1596068
1670655,1592393
1683568,1583081
1686154,1581198
1686376,1579834
1686840,1574978
1687251,1566203
1687120,1565621
1685875,1565188
1685403,1564891
1685089,1564437
1685028,1563821
1685149,1563077
1686452,1562119
1699152,1553799
1701486,1552502
1709076,1550812
1710326,1550715
1720764,1540318
1732303,1529809
1733114,1529073
1742159,1526034
1743261,1525750
1745006,1525353
1749942,1524815
1755248,1524418
1755920,1524457
1756470,1524314
1756993,1524017
1757421,1523694
1767299,1516022
1773510,1510789
1774314,1510079
1775228,1508594
1777262,1504996
1782016,1496010
1789014,1486374
1789763,1485571
1790988,1484534
1791861,1483912
1792734,1483289
1794104,1482430
1798946,1479822
1799940,1479378
1801006,1479025
1801585,1479124
1803053,1480052
1804635,1481561
1805270,1482430
1805565,1482882
1805638,1483497
1805557,1484859
1805697,1485441
1806082,1485827
1806667,1486049
1811916,1487555
1812680,1487677
1813229,1487561
1813726,1487323
1814028,1486846
1814279,1486248
1814838,1484276
1815273,1482093
1815630,1480780
1816008,1479435
1816510,1478300
1822260,1467907
1822579,1467336
1822954,1466948
1823375,1466620
1825870,1466415
1826612,1466535
1829154,1467347
1829846,1467408
1830465,1467348
1831579,1467080
1833558,1466154
1834004,1465855
1835665,1464510
1840376,1460608
1840675,1460163
1839990,1460224
1837230,1459675
1835927,1459303
1835341,1459053
1832450,1455168
1832244,1454682
1832329,1454060
1833148,1452878
1836240,1449394
1836932,1448495
1839283,1445354
1839531,1444786
1839248,1443655
1838455,1442890
1838314,1442339
1838458,1441034
1838634,1440376
1843934,1424505
1844620,1423606
1845481,1422977
1846487,1422525
1855019,1418113
1854844,1416914
1854345,1411960
1854451,1411367
1854768,1410857
1855136,1410467
1862914,1402893
1874877,1397252
1880099,1398146
1881965,1398510
1887340,1400907
1887989,1401087
1889237,1400987
1890237,1400530
1892408,1398985
1892773,1398562
1894013,1397532
1897936,1394742
1899371,1393948
1901131,1393630
1907222,1392969
1913438,1392480
1918365,1393301
1921010,1394072
1936182,1397107
1944424,1396433
1946435,1396459
1951190,1398354
1960035,1401930
1973647,1404494
1983588,1406667
1985008,1407003
1986706,1407753
1987209,1408059
1987994,1408811
1989544,1411029
1990222,1412532
1990355,1413112
1990571,1413592
1991403,1414991
1991818,1415365
1992778,1415980
1994539,1416912
1996194,1417601
1998270,1418105
2001921,1418807
2003228,1418807
2007402,1417205
2017882,1415292
2018550,1415336
2032415,1419356
2033072,1419554
2033555,1419860
2033950,1420233
2034220,1421361
2034150,1424067
2034030,1426124
2034079,1426773
2034213,1427321
2034658,1428343
2035054,1428716
2035637,1428827
2048687,1430400
2049687,1429950
2050123,1429636
2050482,1429235
2050736,1428656
2050712,1427478
2050579,1426930
2050267,1426489
2049599,1425844
2048764,1424898
2045041,1419599
2042962,1416468
2042094,1414457
2041377,1412307
2041107,1411179
2040923,1409983
2040680,1406835
2040843,1405394
2042109,1397472
2042233,1396717
2042688,1395502
2044564,1392561
2044816,1391982
2046579,1387031
2046778,1386363
2047026,1384854
2046877,1382970
2046714,1381773
2046794,1371798
2049420,1359479
2049798,1359076
2054592,1355803
2059527,1353478
2065592,1350807
2074605,1348568
2075485,1347935
2076186,1347068
2077302,1344922
2086754,1339675
2099832,1336737
2100840,1336307
2101161,1335812
2101244,1335214
2105508,1334807
2109888,1335692
2113691,1336473
2128580,1342154
2129041,1342454
2129868,1343281
2132302,1345952
2133426,1347497
2137767,1351236
2143668,1355480
2144130,1355780
2145155,1356213
2146859,1356364
2148086,1356280
2150685,1355724
2151876,1355735
2153544,1355982
2155174,1356294
2156773,1356734
2171627,1362437
2181690,1366685
2186700,1367716
2192809,1367324
2212434,1367354
2213608,1367357
2214710,1367586
2216316,1368012
2217361,1368341
2217830,1368666
2218333,1368864
2218875,1368995
2221687,1369513
2222826,1369447
2227956,1364016
2228219,1363458
2229104,1360961
2229694,1358963
2230281,1356059
2230499,1354174
2230461,1354074
2231412,1353536
2234804,1352643
2238934,1352012
2240185,1351909
2256958,1350612
2267205,1350037
2273549,1350482
2274137,1350603
2274717,1350850
2278746,1351739
2282697,1352510
2298440,1350604
2306988,1347757
2308499,1347109
2313759,1343544
2314794,1342169
2315745,1340710
2316252,1339553
2316698,1339249
2326570,1336434
2327242,1336478
2339399,1337880
2340908,1338165
2341860,1338799
2346515,1342818
2351453,1342410
2362739,1340495
2373216,1339105
2383472,1338479
2384924,1338291
2387943,1337900
2389177,1337803
2406319,1337501
2407729,1337848
2408872,1338450
2410799,1339735
2411899,1340186
2419791,1340229
2420432,1340175
2421435,1339726
2422322,1339103
2424415,1338318
2426680,1337791
2448050,1332972
2449232,1332808
2453582,1332455
2454281,1332483
2455694,1332822
2467419,1337095
2497777,1340400
2498360,1340252
2499867,1339591
2500314,1339305
2503844,1336579
2504285,1336262
2506319,1335395
2508972,1334468
2509536,1334353
2510865,1334378
2511439,1334640
2511821,1335025
2512140,1335452
2512360,1335988
2512405,1336612
2512119,1338138
2512079,1338808
2512064,1340135
2512184,1342044
2512447,1343205
2512877,1344214
2514468,1347105
2516261,1349144
2518802,1351357
2519784,1352001
2521509,1352788
2522829,1353191
2523875,1353004
2525148,1352941
2526599,1353135
2527256,1353321
2528373,1354386
2530526,1357540
2532377,1361021
2533029,1362567
2534002,1364538
2534305,1364999
2534906,1365888
2535699,1366655
2536687,1367327
2538928,1367750
2542380,1367988
2545031,1368030
2547558,1367869
2548688,1367604
2550773,1366844
2554957,1365258
2556474,1364616
2556916,1364295
2557424,1364091
2558494,1363737
2559144,1363700
2576391,1364769
2579264,1365144
2579930,1365356
2594814,1377588
2595208,1378001
2599248,1383161
2600716,1385306
2601502,1386100
2602974,1387071
2604961,1387706
2606663,1387958
2610275,1385562
2610803,1384590
2610620,1380941
2608288,1374926
2607999,1374259
2607140,1373445
2606668,1373140
2605827,1372291
2604057,1369309
2592673,1340413
2593316,1337111
2596811,1321875
2597451,1319173
2597758,1318267
2598990,1316991
2599614,1316668
2600888,1316462
2601471,1316462
2602023,1316563
2603022,1317099
2604273,1316896
2606170,1316366
2606891,1316059
2621453,1307573
2622037,1306856
2622282,1306555
2622478,1306046
2622291,1304776
2622089,1304112
2621749,1303469
2620891,1302658
2620420,1302355
2619898,1302156
2618810,1301923
2617016,1301933
2615187,1302012
2613529,1301714
2611367,1301180
2610345,1300777
2609400,1300138
2605229,1297267
2604790,1296863
2604035,1295812
2603532,1294436
2603527,1293834
2603943,1292814
2604363,1292397
2621020,1278732
2623384,1277289
2624737,1276904
2625952,1276796
2627970,1277729
2628908,1278333
2629331,1278771
2630270,1279375
2631930,1279700
2634115,1279268
2634736,1278941
2636086,1277698
2636912,1276255
2637119,1275140
2637021,1273314
2636632,1271980
2631649,1261066
2624898,1239935
2618557,1231001
2611400,1219344
2607237,1211978
2603372,1203842
2602399,1203171
2600894,1201043
2599515,1198575
2598607,1196442
2597892,1194372
2597207,1193153
2589793,1180906
2584098,1174463
2582902,1173044
2582550,1172437
2582248,1171725
2581949,1169237
2582016,1167449
2582736,1164094
2582934,1162411
2582943,1159458
2582758,1156443
2582650,1155795
2579180,1145683
2576221,1138595
2575320,1136463
2575117,1135798
2574530,1114704
2582722,1105828
2583220,1105426
2583625,1105008
2583711,1104454
2583739,1102764
2583477,1102145
2583013,1101810
2581995,1101412
2576169,1099607
2562948,1095677
2561295,1095383
2559431,1095568
2558021,1096183
2552799,1098573
2545311,1101330
2542887,1101949
2542301,1101950
2541186,1101753
2540679,1101551
2530895,1096558
2530012,1095846
2529587,1095441
2528815,1094426
2528519,1093714
2528608,1092591
2528719,1092035
2528929,1091526
2529236,1091065
2542958,1075575
2544995,1074034
2546208,1073357
2547606,1072839
2549458,1072626
2551265,1072547
2552435,1072542
2557294,1071887
2567306,1068708
2568680,1068190
2569299,1067862
2569700,1067445
2570111,1066423
2576670,1060319
2592708,1052941
2593423,1052657
2594766,1052233
2606670,1050331
2613144,1047116
2623691,1040901
2629700,1036791
2630902,1036096
2641255,1030545
2642575,1029888
2645432,1028661
2646679,1028464
2648022,1028057
2649461,1027440
2652077,1026127
2653910,1025085
2655743,1023438
2656967,1022157
2657579,1021213
2659492,1019038
2660518,1018272
2661736,1017565
2663102,1017053
2665080,1016555
2667195,1016317
2668192,1016704
2668675,1016996
2670499,1018312
2671788,1019537
2672611,1020436
2674019,1022885
2674743,1024919
2675075,1027634
2675077,1028241
2674876,1029333
2674872,1029908
2675021,1030455
2675797,1031458
2676232,1031855
2677722,1032564
2687519,1034666
2689886,1034631
2691971,1033817
2693197,1033136
2694318,1032378
2695225,1031564
2696741,1030155
2700384,1027471
2703634,1025213
2707101,1023037
2708324,1022352
2711177,1021092
2713183,1020477
2714942,1020453
2715507,1020567
2716927,1021122
2718254,1022238
2727603,1028662
2728534,1029248
2730085,1029872
2732289,1030237
2733474,1030259
2734890,1029627
2735502,1029281
2736328,1028412
2736912,1027463
2737636,1025972
2737925,1024921
2738427,1022771
2738639,1021671
2739504,1016690
2739673,1014925
2739650,1011980
2739502,1007169
2739147,1002912
2738523,999125
2738191,997812
2737468,995777
2736544,993653
2735799,992521
2733729,991654
2732143,991170
2731090,990867
2729387,990695
2728240,990603
2725860,990533
2722721,990965
2717232,991347
2716040,991359
2712678,990870
2711165,990271
2710680,989982
2709796,989259
2708624,987761
2707915,986129
2707575,983230
2707567,982047
2707658,980909
2709757,966407
2709848,965844
2710638,961460
2710734,960929
2711033,959843
2712114,956938
2712423,956460
2712827,955451
2713508,953360
2714305,950735
2714811,948006
2715274,943493
2715319,939927
2715255,934043
2715131,923556
2714590,920428
2714356,919161
2714018,916601
2713988,913690
2714050,912459
2715183,906396
2715573,904811
2716352,902183
2716953,900650
2717834,898643
2718741,896663
2719614,894079
2719910,893024
2720390,890263
2721391,876209
2721871,863073
2721814,858946
2722010,856690
2722736,849960
2723636,842292
2724294,838463
2724403,837926
2724776,836339
2725832,833165
2726216,832153
2726717,831180
2727202,829602
2727487,828546
2728044,826374
2728998,822640
2729389,821048
2729576,819948
2729771,818267
2729730,816509
2728151,804247
2727023,796228
2726914,795609
2726707,794945
2726480,794286
2725854,792877
2725440,791550
2725428,790974
2725826,789959
2726604,789086
2727909,788424
2731628,787279
2733592,786731
2734755,786739
2736671,787135
2736713,787702
2740005,789763
2741580,790261
2742674,790444
2743266,790446
2746280,790183
2748595,790231
2750787,790626
2756158,792005
2757167,792398
2757624,792685
2759005,793673
2759447,794092
2760392,794691
2767991,797866
2769045,798150
2772333,798687
2773478,798789
2779362,798687
2782951,798766
2784687,798833
2786379,799006
2788489,799570
2792082,800934
2793138,801215
2796456,801831
2798243,801819
2799448,801679
2810671,799285
2812586,798853
2814397,797765
2815197,796903
2816187,795516
2816987,794655
2817589,794292
2820296,793353
2825587,791723
2827481,791388
2848701,788329
2852323,787128
2853660,786685
2854958,786543
2857150,786905
2858170,787283
2859129,787868
2862416,790046
2863821,791110
2864203,791603
2864566,792199
2864788,792860
2864979,794048
2864924,796364
2864483,799126
2863441,801706
2863332,802283
2863356,802860
2863676,803563
2864233,803659
2865466,803597
2867407,803142
2868735,802732
2869437,802405
2879084,796586
2879978,795758
2880290,795294
2880668,794262
2880636,793100
2880619,791903
2880711,791362
2880904,790862
2882492,789119
2883702,788407
2885741,787628
2886350,787287
2886753,786834
2887637,785420
2888013,784387
2887946,784014
2892394,779012
2893487,777090
2893860,776056
2894226,774441
2894681,771781
2897288,769732
2898591,769058
2900381,769013
2906566,767474
2916599,764199
2917561,763713
2918224,755458
2918185,753675
2924083,745303
2924963,744464
2925268,743996
2925653,742955
2925640,742371
2924991,738164
2922465,726729
2922254,726066
2921568,724737
2919493,722289
2915084,718272
2913378,716579
2912991,716090
2911529,713684
2910563,711578
2910452,710954
2910057,706718
2909948,703192
2909821,701985
2909150,700002
2902795,685588
2902158,684183
2897987,675321
2897252,674136
2896288,672031
2895980,671326
2894307,667346
2893866,666023
2893509,664157
2893584,663585
2893972,661990
2894826,659983
2894900,659116
2895057,657154
2895167,651326
2895135,650160
2894893,648331
2894009,645685
2893649,643821
2893643,640856
2893900,639194
2897336,616670
2897924,612834
2898611,611354
2899170,610396
2900451,609122
2902845,607692
2904242,607040
2908222,605364
2915798,602460
2917094,602092
2921464,601250
2924540,600775
2926306,600707
2928155,600453
2930819,599985
2931476,599747
2932079,599392
2932578,598967
2935304,595338
2935595,594868
2935549,593703
2935804,592032
2935996,591522
2936771,590663
2937753,589848
2939755,588860
2941095,588406
2942876,588230
2944649,588186
2946550,587713
2947151,587357
2954997,580443
2954868,578904
2954518,577031
2954779,575976
2955936,571697
2956664,569632
2959390,563614
2961589,559770
2962345,558317
2962720,557296
2962970,555653
2961870,544590
2957899,539071
2956473,538047
2955592,537269
2954799,536270
2954423,535683
2953031,533107
2952052,531010
2951828,529790
2951799,529208
2953206,523342
2957323,512594
2958089,511694
2958702,511328
2975238,504555
2978545,503403
2979739,503268
2981298,503820
2990375,504273
2992832,504193
2991997,503421
2990339,501219
2989766,500260
2988049,496690
2987078,494624
2986526,492967
2986180,492504
2985689,492214
2982689,490983
2980772,490302
2978773,489940
2977475,490073
2975036,490524
2970961,491596
2965132,490685
2954496,484029
2945253,474848
2945002,474326
2944391,472031
2944405,471304
2944518,470550
2944460,469252
2944322,467976
2944091,467449
2943668,467073
2935239,464400
2934745,464469
2933663,465817
2932778,466486
2931050,466959
2929055,467077
2928450,466816
2927008,465831
2926070,465136
2925225,464382
2924562,463513
2924404,462932
2924510,462149
2924859,460775
2925538,458883
2927420,454005
2927812,453569
2928257,453250
2929406,452935
2931351,452729
2931926,452571
2932372,452252
2932743,451822
2933376,450793
2934296,449260
2934863,448151
2931374,439820
2931124,439297
2930438,439125
2921986,439841
2919804,440635
2918905,441307
2915063,450587
2914109,454354
2914573,456064
2914647,456731
2911234,461261
2909397,463506
2907525,464996
2906249,465816
2904866,466448
2904040,466623
2901737,470890
2901517,472454
2901627,474454
2901459,479409
2901236,480973
2900740,482153
2900116,483170
2898160,485196
2897538,485100
2896285,483992
2879629,482342
2867967,482355
2863208,481763
2856054,480256
2849441,483296
2848551,483949
2847533,484438
2847019,484668
2845875,484993
2845278,485146
2843232,485181
2842530,485002
2841349,484521
2839298,483286
2838771,483127
2837472,483263
2834381,485578
2832862,487266
2832249,488268
2831108,489533
2830603,489790
2829261,489837
2827970,489415
2827536,489036
2827122,488652
2823351,484593
2823021,484123
2822771,483634
2822458,482476
2822495,481784
2822228,479216
2821915,478059
2821085,476610
2819659,474887
2807448,460627
2806925,460303
2805558,459963
2804205,460009
2800657,459922
2799890,459789
2799057,459054
2798552,458043
2798242,456885
2796820,449671
2798133,448726
2801767,447101
2801999,446522
2801854,445942
2797171,440454
2796659,440160
2794584,439640
2780863,436529
2771831,434898
2758433,433563
2749357,435717
2748601,436546
2748162,436879
2747389,436775
2739054,431985
2738721,431547
2729791,414085
2729299,413070
2729139,412493
2729153,411778
2729259,411009
2729513,410431
2729862,409053
2729981,407569
2729912,406938
2729752,406361
2729503,405839
2723675,397793
2723344,397355
2721494,395987
2719623,394625
2717927,393683
2712622,391642
2709291,389978
2707344,388695
2706493,387961
2706163,387523
2705916,386999
2705759,386422
2705549,384501
2705615,381675
2705431,379780
2705163,379261
2704834,378823
2704415,378438
2693433,372222
2692824,371978
2691281,371760
2690007,371899
2665075,366714
2664405,365836
2663298,364739
2648966,367991
2642367,369521
2641223,369844
2640788,370167
2640677,370933
2640098,375117
2639899,376577
2639877,377290
2639937,377919
2639844,378679
2639593,379283
2638247,381162
2637501,382004
2635923,383579
2635058,384256
2634484,384416
2628908,385306
2624765,385680
2622721,385170
2619022,384509
2617185,385750
2615130,387582
2615187,388950
2615321,390205
2615858,392559
2616171,393710
2616485,394861
2616784,396689
2616758,397402
2615791,398833
2614003,400893
2606386,408165
2604758,409672
2603425,410666
2602333,410132
2601480,409385
2600224,408277
2599218,407660
2598619,407436
2598049,407430
2592535,408548
2587774,410044
2587276,410279
2586596,411192
2586241,412581
2585761,413772
2585463,414284
2585081,414685
2583771,415699
2582259,416434
2580527,416897
2579256,417036
2577297,417000
2575915,416812
2575319,416584
2573188,415431
2568698,412595
2568103,412368
2561058,412042
2554422,415141
2549219,418031
2548674,419134
2545510,420515
2542770,421487
2539803,422294
2538870,422439
2535738,422881
2530735,423377
2530108,423281
2528433,421797
2528101,421353
2527841,420864
2528134,419401
2529095,415219
2526696,408617
2522732,399234
2522081,399302
2515907,400250
2514054,400556
2513485,400733
2512034,401531
2510721,402525
2509330,403534
2507384,404589
2506373,405076
2505802,405252
2498845,406105
2498516,405659
2498435,405038
2498354,401646
2498446,398123
2498562,396668
2498889,394342
2499801,389384
2499963,388684
2500621,386833
2500971,385457
2501168,383920
2501231,381804
2501190,379773
2501147,378443
2501057,377791
2500904,377216
2499613,376961
2497953,376971
2496931,377075
2496479,377419
2495766,379184
2495485,380099
2495080,380274
2493865,380512
2491316,380787
2483894,378123
2483483,377756
2477955,374495
2473955,373324
2470022,372168
2468661,371825
2465304,371065
2463998,370803
2463701,371336
2462521,374135
2461675,377538
2461594,378157
2461654,378783
2461913,379306
2462465,380950
2462634,381523
2462693,382147
2462334,382565
2460683,383131
2458896,383497
2452525,384120
2451958,384289
2449774,385936
2449169,386971
2449308,388246
2450242,395792
2450474,396288
2450817,396732
2451655,397466
2453684,398677
2454470,399357
2454789,399773
2455395,401725
2455795,403430
2456250,405855
2456446,407756
2456343,409777
2456130,411310
2455954,411978
2455652,412510
2455345,413012
2453650,415106
2452610,416316
2451883,417148
2451136,417985
2450063,418374
2448269,418768
2444044,419356
2432091,429949
2431361,435792
2433213,437137
2434050,437874
2435051,439184
2435140,439675
2434070,440091
2433491,440228
2432949,440231
2431417,439334
2429482,437971
2428559,437313
2427223,436253
2425957,435217
2424959,433906
2423888,431975
2422420,428941
2402480,401692
2401138,399966
2395852,392697
2382658,372153
2381626,370434
2377754,365477
2366112,350791
2363665,348589
2355341,337086
2325812,297314
2310509,277575
2299807,263813
2285730,245957
2280809,239943
2271232,229474
2252415,207196
2251340,205192
2249754,201852
2244333,194924
2240291,189856
2239148,188460
2238053,187246
2236608,185708
2234598,183817
2229617,180072
2226111,177511
2210385,166252
2208655,165098
2199917,160150
2189977,154362
2172601,143071
2163826,138519
2154324,133932
2136820,122657
2136140,121872
2135130,120568
2134877,120070
2134473,118997
2133831,116734
2133430,115691
2132690,114195
2130505,111013
2128930,108783
2128261,107934
2126840,106278
2125650,105092
2124564,103861
2124230,103435
2124214,102905
2124646,102565
2125661,102050
2127360,101569
2129763,101117
2132428,100971
2133829,100998
2135283,101269
2138329,103074
2139439,103516
2140124,103672
2140761,103615
2141393,103528
2142379,103202
2144384,102139
2145695,101109
2145996,100628
2148890,94512
2149807,92156
2152227,84344
2152387,83663
2152436,81553
2152355,80216
2152285,79598
2152025,78537
2151874,77994
2146948,67681
2140181,68698
2139375,69470
2138422,70889
2138400,72303
2138455,73613
2138686,75525
2138744,76865
2138517,77461
2138200,77945
2137838,78371
2127900,84132
2118985,83621
2111293,82616
2108770,90092
2110711,93937
2091126,105973
2079306,114756
2074691,116644
2071814,117156
2066845,115733
2059869,121986
2064358,127788
2065618,129510
2060193,132790
2049637,143882
2040350,153580
2034257,150687
2025327,151039
2023933,152100
2017325,160972
2017277,161882
2016380,169560
2013848,169773
2004429,170289
2003600,179729
2006854,182251
2004504,194377
2001091,195516
1994323,189960
1992758,185791
1991003,181921
1979756,179708
1968703,178353
1959736,183339
1953206,183748
1948667,189374
1948548,190849
1947958,195415
1939250,205587
1934500,202568
1936373,197048
1936809,195546
1934526,194479
1927164,191288
1925669,190707
1924021,183640
1925065,179194
1929479,177585
1930326,166808
1935143,156726
1938860,155572
1939873,155602
1949081,156725
1952775,155157
1953469,144447
1954150,133673
1949114,131762
1947910,132002
1944082,133301
1940161,140641
1940629,143677
1941016,146815
1937734,148023
1931395,148921
1930595,148994
1924373,148969
1909534,146367
1904406,139569
1904246,138992
1903353,132666
1902041,131412
1894950,132606
1885973,132173
1878275,131497
1877601,131955
1875781,134027
1875107,134981
1874514,135992
1874040,137148
1873380,139871
1873364,141270
1873509,142445
1874793,142243
1875364,142073
1876489,141735
1878063,141080
1881377,140035
1882071,140042
1882675,140272
1883349,141149
1885175,144478
1886405,146987
1887636,150148
1887707,150794
1887636,151266
1886570,151664
1885316,151798
1884540,151706
1875820,152378
1874935,153908
1874028,155409
1872707,157252
1871966,158087
1871535,158431
1870900,158512
1869554,158183
1867173,157251
1865982,156784
1865716,156432
1866183,153477
1867697,144728
1870274,135676
1871486,132320
1861902,129312
1858904,128457
1860081,124828
1860922,121813
1859726,119731
1849213,108208
1847370,108035
1839675,107361
1839509,108056
1839461,110138
1843243,122188
1843845,122535
1844205,122676
1847423,126311
1848794,126644
1850058,127015
1851240,127485
1851497,127994
1851732,129187
1852030,131710
1852015,132953
1851785,133529
1851126,134477
1850780,134721
1850209,134888
1846342,135330
1840009,126359
1834736,123357
1830172,122533
1822276,123393
1820747,126786
1820175,128251
1821832,134683
1819855,137455
1815930,140045
1805947,140331
1805403,137855
1804457,133079
1804209,131483
1794482,129715
1791205,136956
1789968,139915
1785404,142733
1780261,134333
1777067,133158
1777774,131288
1777087,124542
1772014,124033
1771928,123480
1771602,118789
1771568,117242
1775822,116932
1777378,116902
1780030,119161
1785733,117888
1785682,108469
1783594,101778
1781829,97359
1780459,88113
1780753,87598
1781474,86749
1782781,85740
1784772,84782
1786956,84027
1788458,83313
1788579,82934
1788073,80300
1787462,77114
1783854,72471
1783769,72537
1775976,72699
1769646,66224
1766317,56347
1766159,55767
1766100,55058
1766091,45980
1766754,43276
1767106,41085
1767170,37580
1767049,34922
1766961,34308
1766730,33113
1766228,32119
1765902,31704
1755204,18620
1754040,17446
1753372,16584
1753388,15901
1753485,15121
1753643,14462
1754107,13259
1755593,10759
1755165,10380
1753154,9191
1752616,9035
1745109,10036
1744551,10190
1744110,10523
1743378,11368
1743088,11879
1742721,12301
1741930,13056
1741064,13722
1740064,14208
1738931,14516
1737533,14496
1736854,14346
1735001,13729
1731939,12616
1729086,16694
1720981,25362
1719566,27969
1718108,30886
1713572,28685
1705629,23877
1699333,24465
1694708,18070
1692355,14640
1681092,8476
1667952,7831
1660567,4784
1653285,11931
1650248,10763
1649215,6062
1648954,4494
1642621,2342
1635145,0
1634543,481
1633811,1306
1633509,1810
1633366,2339
1633437,2987
1634559,8306
1634975,8665
1636410,8932
1637690,9327
1638192,9621
1638522,10045
1638756,11956
1639042,14453
1638931,16621
1638830,17397
1637060,17853
1635794,18014
1635031,17912
1634442,17681
1634112,17258
1633121,15276
1632963,14693
1632544,13653
1632301,13134
1631729,12223
1630878,11474
1629269,10652
1623897,9128
1622135,8741
1621375,8637
1621166,8745
1620870,8898
1616147,25192
1616043,25967
1615811,26622
1615144,27567
1614655,27794
1607184,29022
1605658,28840
1594684,27648
1592362,28280
1589366,29760
1588075,30772
1588828,35149
1589669,36557
1591078,38911
1591493,39273
1594201,39932
1595988,40609
1596490,40908
1596644,41491
1596618,42883
1596527,43628
1596236,44128
1589228,53941
1588862,54380
1588295,54545
1579286,56246
1577953,56329
1577205,56217
1576614,55979
1572558,53598
1572143,53234
1571194,52752
1569175,53337
1565497,54809
1564984,55063
1564634,55469
1563503,57586
1562814,59357
1562051,61036
1560865,63060
1559855,63535
1555541,65099
1549038,67359
1547700,67434
1537467,67886
1536286,67430
1535444,66724
1534354,66175
1533051,65936
1532427,66032
1531431,66501
1530987,66843
1530633,67247
1529732,68767
1528973,70470
1528443,71554
1527947,72516
1527501,72827
1513778,76269
1508525,76614
1503771,76706
1500625,77073
1499427,77319
1498301,77626
1497872,77965
1497495,78397
1496904,79385
1495881,80743
1495451,81082
1493875,81727
1491924,81875
1487596,81612
1484877,81661
1481048,81858
1479220,82094
1477535,82578
1475471,83491
1473407,84373
1468038,86339
1464785,87484
1461460,88535
1454198,90558
1453115,91194
1446592,93524
1446298,92778
1446144,92220
1445999,90981
1446027,88880
1445974,87549
1445596,83711
1445442,83152
1445178,82808
1437743,85639
1437238,85909
1436943,86398
1435665,89100
1434973,90881
1434231,92416
1433641,93426
1432963,94342
1432545,94676
1431479,95091
1430848,95173
1429400,94901
1426786,93465
1425004,92784
1418565,90870
1416439,90457
1415059,90429
1413852,90683
1413433,91014
1412698,91835
1412471,92417
1404876,98281
1396771,102051
1396471,102570
1395157,109217
1395157,109928
1395832,115573
1396054,116783
1396704,119026
1396944,119526
1397112,120087
1397413,122599
1397304,123369
1396841,124563
1396559,125051
1396187,125476
1395764,125805
1389855,126370
1389098,126289
1388581,125997
1387751,125264
1386072,123117
1385335,121613
1384174,119759
1382849,118052
1381745,116816
1381339,116465
1380402,115791
1379224,115325
1377063,115202
1375935,115541
1374434,116271
1370414,119183
1366905,121737
1365896,122232
1364713,122474
1363939,122388
1351872,119521
1343502,121705
1341613,121947
1340297,121838
1338935,121510
1337853,120974
1337245,120767
1336490,120677
1335358,120975
1332372,122470
1322204,123495
1316724,123891
1316156,124053
1315727,124376
1315124,125372
1315102,126763
1315183,127417
1315668,128396
1316012,128843
1316432,129201
1317522,130422
1317755,130927
1317745,131608
1317591,132282
1317297,132796
1316918,133214
1315195,134535
1314211,135051
1309526,136359
1308971,135850
1308646,135403
1305364,132444
1303688,130977
1301162,129502
1300557,129258
1299968,129047
1298574,129014
1297436,129334
1296453,129815
1295450,130327
1286301,134356
1277738,137529
1277167,137687
1275262,137993
1273822,137735
1273311,137431
1272058,136345
1264859,135415
1263393,135307
1262062,135391
1260937,135702
1260434,135954
1259580,136620
1259349,137197
1259329,137909
1259405,138532
1259726,139664
1260219,140650
1260388,141217
1260386,141930
1260111,143340
1259829,143851
1259091,144709
1257459,145273
1245273,145652
1244581,145644
1243822,145539
1243216,145318
1232547,144883
1229762,144841
1228564,145078
1226925,145661
1226436,145910
1223279,148042
1222416,148732
1222044,149144
1221452,150161
1221085,159096
1221086,165326
1220926,165843
1220570,166255
1219214,167164
1218450,167085
1217938,166775
1217521,166408
1212060,160981
1211401,160134
1210897,159140
1210490,158060
1210256,156867
1207801,150447
1190708,148566
1187898,148528
1186003,148738
1185827,152076
1185774,153623
1185419,158221
1174331,156105
1174164,155627
1174081,155001
1174108,153607
1170458,149960
1160785,149496
1157234,149622
1150718,147210
1149291,143220
1148800,141536
1146818,141195
1140686,140433
1133072,144668
1125800,151033
1124326,150911
1121179,151303
1120615,151473
1119604,151948
1119172,152286
1118443,153126
1117863,154133
1117629,154734
1117463,155404
1117260,156941
1117336,157569
1117508,158142
1117743,158628
1118347,158865
1119696,159195
1120393,159191
1124159,159596
1125430,159980
1125859,160357
1131918,166006
1132152,166521
1132230,167149
1131902,168490
1131303,169528
1119357,186320
1118109,186465
1116074,186514
1115659,186168
1115153,185163
1114486,184300
1114072,183954
1113465,183717
1112109,183385
1110140,183530
1109525,183601
1109090,183937
1108710,187541
1108965,188029
1109633,188210
1111937,188497
1116960,188732
1120032,189110
1121390,189439
1122315,190105
1122727,190481
1126798,195191
1129792,196117
1133366,196644
1136065,197453
1138676,195982
1139203,194906
1140003,194130
1141070,193717
1142337,193567
1143038,193590
1146025,193883
1150568,194385
1152180,201894
1152450,203466
1143294,209909
1142376,210521
1141740,210596
1140970,210475
1139862,209954
1139028,209237
1138354,208377
1137025,205944
1134872,203427
1134670,203169
1134461,203003
1133127,202879
1130724,202277
1130173,202451
1123215,216085
1123001,216658
1122963,218052
1123039,218710
1123594,222420
1124588,224395
1126257,226548
1127164,227303
1128358,227741
1130313,227959
1133449,228082
1135518,228275
1136809,228655
1137983,229119
1138918,229782
1139756,230498
1140826,231822
1142270,233392
1143528,234482
1145481,235748
1147335,236354
1148798,236464
1150077,236312
1150561,236069
1152001,235246
1160157,238298
1161505,240009
1163268,241409
1165290,242577
1166407,243122
1168186,243808
1177417,246997
1180635,247931
1182673,248411
1183952,248808
1184453,249121
1184876,249491
1185368,250485
1186761,254206
1186751,254918
1186595,255590
1185650,258814
1184460,262610
1183761,264393
1183168,265408
1182684,265654
1173817,269328
1173204,269255
1172699,268972
1172275,268601
1169681,265783
1168243,264131
1167465,263487
1167173,263373
1166412,263288
1155949,262969
1143217,257956
1142517,257313
1141996,257025
1140736,256618
1140024,256626
1139470,256771
1138476,257283
1138039,257622
1136882,258775
1136143,259618
1135724,259958
1134594,260275
1133191,260259
1130130,259864
1128949,259399
1127953,258730
1127530,258386
1126850,257525
1126430,257149
1125928,256862
1124827,256340
1123290,256124
1121534,256542
1120540,257021
1115949,260034
1114230,265702
1109768,270182
1108768,270690
1100027,276485
1089085,283724
1087619,285400
1086731,286940
1086511,287511
1086184,288881
1085892,291156
1085888,291870
1086129,292357
1088290,296212
1088795,296504
1090248,296753
1093672,296735
1094957,296968
1094686,301047
1094148,307185
1093961,308723
1102859,313382
1102634,322528
1106709,329168
1107658,330830
1107382,331180
1098350,338204
1096474,339445
1095481,339921
1092218,341078
1090051,341672
1088986,342079
1087492,342822
1086771,343662
1084695,347182
1083232,348860
1082302,349464
1080684,350040
1079479,350277
1077191,349985
1075149,349497
1073967,349021
1070657,348170
1069882,348070
1067231,348208
1066664,348345
1064763,349294
1059991,353187
1047058,363979
1033541,362522
1032570,364048
1031743,365651
1031491,367088
1031565,367717
1033696,375047
1034199,376029
1034868,376901
1036383,377791
1038166,378488
1038930,378560
1039572,378495
1040127,378329
1040562,377997
1045828,378113
1061675,385832
1063196,386714
1063871,387582
1064035,388124
1064114,388753
1063868,389353
1060827,394494
1060463,394897
1056405,396866
1055046,397801
1054333,398639
1054086,399239
1054082,399923
1054243,400497
1055004,401280
1064305,407175
1065463,407214
1086917,409670
1091511,410237
1092929,410539
1092799,411026
1092372,411985
1092049,412393
1091835,412873
1091576,413908
1091774,416906
1091841,417502
1092000,418167
1092252,418871
1093957,423607
1094258,424191
1096836,426109
1097743,426648
1104631,429280
1105749,429368
1107148,428858
1108359,428737
1110106,428719
1119634,430634
1129213,435049
1133785,447581
1134532,449063
1135547,450346
1136390,451059
1138910,452545
1140523,453374
1141491,453722
1139736,454031
1136913,454851
1134788,455690
1133365,456517
1132518,457169
1131846,458113
1131555,458619
1130862,460368
1126406,479494
1123253,493503
1122620,496218
1119873,503306
1119580,503812
1119215,504219
1118357,504899
1117848,505141
1116229,505733
1113217,506282
1110623,506488
1108807,506815
1101628,508247
1099246,508744
1095418,509560
1093158,510220
1092667,510460
1091535,510805
1083641,513088
1072679,515821
1071402,515994
1069188,515777
1066965,515435
1043187,510638
1041134,510175
1040543,509935
1040036,509641
1037250,507680
1035395,506362
1034723,505493
1031640,501012
1030867,499542
1030722,498968
1030903,497430
1031063,496760
1031295,496160
1031615,494819
1031629,492738
1031485,492164
1031234,491675
1029033,489916
1028529,489621
1027938,489411
1027244,489253
1024188,488875
1022863,488938
1021093,489332
1019030,490321
1018443,491323
1017032,493959
1015406,497166
1014868,498267
1014421,499438
1014094,500807
1014001,501577
1013967,505059
1010128,512163
1004747,521203
1004105,522106
1003746,522538
1003297,522869
1002746,523033
999024,523576
996922,523559
996243,523399
995057,522940
992848,522599
991653,522855
989742,523913
987828,524999
983371,528262
982521,527616
978489,522476
978587,521707
978825,521108
980263,519446
980694,519116
981249,518923
981960,518963
983565,519778
984757,520147
986095,520063
986595,519832
986955,519401
987408,518231
987577,517531
987651,516792
987574,516161
987242,515723
981518,511132
981011,510863
979809,510398
979132,510236
972073,509516
964272,505250
960855,504580
953968,503759
944528,501436
943177,501102
942065,500577
940378,499145
925328,485433
921254,478105
919844,473668
919690,473119
919692,472402
919848,471733
920438,470706
922599,469049
923327,468194
923913,467199
924744,464734
925077,463367
925164,462596
925098,461964
924923,460727
924360,459102
923863,458109
922503,456393
921665,455642
909295,447310
906853,443838
905146,444323
899211,446464
898207,446969
897775,447292
897476,447820
897473,448507
897381,449277
897152,449874
895442,452984
895025,453340
894523,453592
893953,453743
892489,453630
872770,446376
871536,445691
871116,445263
869174,443743
868439,443358
867981,443558
867528,443876
865966,445808
865206,446840
864873,447454
864671,448117
864492,449378
864300,451231
864133,453652
864191,457757
864118,458969
863921,460227
863697,461387
863212,463361
862677,464639
861914,465670
861007,466276
859909,466514
858552,466124
857945,465765
855581,463807
854869,463498
853043,463078
849971,462811
848872,463046
847991,463747
847318,464977
846719,466402
846383,467016
845543,467848
844615,468448
842987,468771
841720,468607
841054,468396
839306,467356
836740,465455
836262,465017
835020,463759
834408,462833
833984,461838
833770,460745
830089,449795
826730,443991
821846,440799
820912,441425
819317,441838
815820,441992
803241,441623
801909,441251
800677,440578
799430,439307
799117,438856
798702,437857
798394,437375
797976,436972
797385,436952
796836,437064
795280,437600
792255,438872
791795,439184
791362,439594
791125,440157
791053,441372
791049,441967
791290,443633
791614,445279
791923,446326
792357,447329
792561,448425
792429,448940
791924,449152
791302,449065
785421,447486
784840,447247
784219,446312
782768,443971
781822,441984
780978,439980
780567,438979
779522,436444
778321,435298
777771,435408
777266,435618
775866,436549
773219,438713
772548,439936
772460,440552
772473,441150
772583,442862
772703,443413
772740,445775
772632,446389
772261,446900
764605,453871
763112,454848
762580,454960
761982,454967
758493,453674
757257,453021
756131,452291
754695,451106
753565,450405
752924,450310
752371,450418
751928,450730
751535,451239
750947,452660
748228,459491
747727,460863
747346,462222
746480,465522
746385,466168
745811,468159
745502,468900
745128,469410
738651,473765
735877,475616
730487,478490
728967,479143
725688,479782
724083,480200
723030,480543
718988,482229
717137,483457
711837,487811
710706,487070
709475,485810
702683,478113
702353,477652
702151,477148
702029,475995
702011,474826
701802,473722
701380,472711
700742,471792
700325,471380
699346,470723
697919,470121
696643,469952
694874,469989
693780,470195
692344,471041
691806,471145
691161,471043
687123,466808
686406,465906
674525,450176
674221,449716
673589,448192
673586,447593
673667,446975
668729,439413
659169,428200
653074,422442
652043,421700
651426,421343
649368,420427
647483,420140
641361,421314
640869,421514
640028,422351
639685,422957
638441,431663
640610,432539
643681,434229
644603,435049
645654,436396
646069,437382
646301,438497
646305,439066
646216,439715
644650,447353
642601,453805
642379,455128
642425,458075
643536,463539
643585,467088
643502,467705
643310,468368
643005,469107
642619,469612
641235,470550
635673,474293
635132,474392
629307,474897
628125,474471
627108,473696
625439,472019
624831,471094
624292,470116
623019,467083
622693,466046
622264,463852
622244,462678
622335,462029
627445,448415
627728,447704
628077,447069
628868,445970
629278,445565
630166,444832
631090,444231
632780,442558
633533,441548
633882,440912
634164,440201
634360,438937
634254,438382
633626,437484
629162,434219
625747,432555
621902,431067
620871,430317
615243,422560
613674,419656
613254,418631
613235,418058
613220,409757
613391,407887
613183,406804
612974,406292
602458,394501
601614,393652
600225,393180
599089,393293
598570,393517
597476,393732
596834,393647
588605,389584
583784,387180
583472,386709
580729,378459
580633,377902
581709,372831
582833,370943
583884,370630
584280,370099
584503,369537
584495,368933
584400,368375
571927,354780
571297,354439
567734,352719
566419,352853
565390,353262
564293,353499
562565,353617
556724,351869
556202,351483
552743,350057
545707,349784
540970,351253
533871,350538
531291,347771
527491,344952
526775,344652
526176,344661
521416,347002
520954,347325
518459,348455
514840,347830
514271,347588
511532,345446
510332,344282
509398,342882
508965,341870
508426,340293
508097,338664
507988,337525
507968,336341
508056,335115
508233,333843
508217,332052
508090,330911
504645,310936
504209,308709
503885,308259
503320,308017
502687,307919
501534,308035
491100,311637
490175,312276
489407,313299
488386,315165
487618,316187
487193,316611
486272,317219
485250,317647
484710,317758
483516,317766
479521,316806
478848,316601
478138,316293
477618,315929
475538,313799
474308,313125
472899,312638
471668,312539
470569,312754
469042,313392
468577,313710
462346,318792
461490,319634
461106,320130
460772,320763
460464,321466
460382,322696
460536,325642
460867,327280
460893,329046
460704,330317
460498,331009
460133,331508
459666,331826
452950,334370
451340,334796
450714,334727
450019,334515
449517,334151
449200,333667
448985,333173
448867,332604
448870,332028
448953,330796
440808,328215
434203,329512
433559,329437
432884,329226
425222,326338
424799,325893
423395,319874
423409,319266
423595,318601
423897,317866
426942,318021
432328,318075
433440,317835
433790,317239
434976,314355
435352,312993
435448,312374
435441,311763
435223,310657
435012,310162
434289,309267
428248,303422
423535,302993
422938,302990
421662,302804
420984,302621
406046,298070
405339,297751
404289,297001
403972,296544
403772,296016
403642,294284
403316,292635
402889,291607
401723,289703
400475,288424
398525,287435
396016,286349
395266,287113
394887,287638
394544,288267
394244,288971
394045,289666
393773,291566
393780,292147
394214,294369
394440,294870
394874,296480
395308,298090
395746,300312
395764,302085
395576,303361
395188,304719
394509,305948
394130,306474
391843,307724
391243,307717
387419,307169
386140,306975
385504,306862
384898,306530
384781,305989
384813,305674
385067,305089
385447,304565
386299,303728
386770,303418
387786,303006
388257,302696
388637,302171
388520,301630
388095,301211
382837,297756
382160,297568
381101,297905
380665,298319
376487,303765
374758,309358
374089,312617
373806,313937
373413,315296
373067,315925
368090,318578
367572,318813
366381,318827
361245,317961
360672,318086
360252,318503
357379,322800
357294,323425
357293,324037
357409,324579
357550,326320
357555,327514
357470,328139
357269,328833
356892,329325
356429,329669
349106,332220
348057,332556
343876,332609
342052,332536
341411,332418
334776,332307
331196,332365
330090,332587
326788,333257
325257,333893
324779,334199
323833,334846
317800,339029
315082,341125
314233,341956
313347,342681
312406,343295
311812,343314
297156,339840
294489,339160
293371,338563
290785,336637
290303,336357
289675,336009
289080,336025
285208,339675
284835,340199
278422,350254
278218,350917
278103,351634
278215,352180
279384,354087
280961,356417
281185,356925
281494,358005
281738,359684
281751,360303
281568,361553
281174,362914
280871,363651
280533,364280
279695,365111
279230,365418
277701,366049
271141,367615
269422,367840
263385,367744
260137,367166
259001,367273
257970,367698
257496,368035
256652,368863
255808,369691
252668,372382
248169,375966
247233,376576
246254,377110
244182,378053
232886,382653
230683,383105
229318,382695
224650,380211
221257,381268
218474,389763
218195,391676
217169,399806
216362,407991
216209,410488
215812,417248
215848,418427
217215,430474
219738,437571
220482,438439
220917,439458
221244,445938
221265,446527
220884,447051
216123,451450
213796,453044
212824,453581
210211,454553
209166,454875
205924,455751
201497,456654
198692,457116
195786,457390
186375,459329
185341,459749
184419,460393
183997,460806
183612,461327
183135,461628
182113,462084
181543,461841
177294,458929
169432,452637
169112,452163
166064,440448
165450,435296
165900,432119
166278,430749
166547,428830
166520,427648
165967,424861
161695,412839
158663,405671
157921,404199
149359,387933
142835,376823
141998,375975
140582,375494
138795,375534
137039,375844
134324,376680
131772,377755
130827,378382
127325,381620
127326,381784
126316,383411
125552,384447
123851,386146
122870,386665
120096,387219
118891,387250
116671,387691
116169,387914
115734,388352
115402,388950
110111,399272
109812,399978
109810,400599
110587,402682
111028,403688
111557,404685
111877,405133
112310,406169
112655,407837
112696,409619
112704,410211
112607,410873
112424,411544
111614,412503
110758,413319
106844,416906
103234,419756
102763,420087
97129,423889
96117,424334
93166,424671
90783,424704
88426,424874
84957,425229
82100,425588
79869,426053
77692,426631
76666,427036
75719,427693
75307,428104
62268,456135
50988,480358
49757,483009
50857,483611
52552,484706
54448,486317
55189,487212
56257,488560
57546,490427
58808,492320
62570,497954
63172,498972
63829,500500
64430,503258
64343,504516
63971,507138
63286,509250
63005,509961
61993,511852
60856,513413
60054,514376
57509,516898
55341,518899
52679,521127
51271,522087
50277,522636
47707,523803
44973,524465
42194,525048
39468,525742
38402,526073
36242,526989
17184,554033
13996,558669
7427,567908
3709,573165
0,578457
10659,585728
21286,593089
31914,600420
41188,606895
41388,607047
41582,609882
40921,610991
36335,625710
31562,642877
29160,656836
29257,657880
29689,658914
31947,662139
35919,667094
43609,676430
44046,676872
44426,676940
44768,676309
45387,674964
47976,668634
48429,667245
49074,663943
49436,662563
49956,661259
50374,660845
50857,660513
51350,660315
51993,660386
53254,661043
55353,662543
57691,664561
62768,669025
64333,670728
65296,671775
66771,672974
68755,673912
72433,674012
76868,674499
86153,676418
94282,678454
95659,678834
96925,679482
99028,680992
99873,681824
101039,683129
101780,684033
102429,684948
105252,690352
106252,692330
107128,694375
107843,697682
108082,699369
109934,707064
112773,716074
115794,724406
116631,725229
117152,725618
123434,733796
123586,735523
124885,746084
127537,766912
140034,801944
142241,808078
133835,814498
120076,812790
119710,811142
119694,810554
118848,806712
118284,805147
117736,804171
116471,802926
114683,801912
112547,801137
109948,800707
108795,800851
105490,801580
104449,801913
102930,802553
101674,803583
101036,804828
99708,808182
98824,810441
101131,822969
102086,823753
102827,824029
105519,824676
109347,825172
110021,825170
112803,825999
114157,826614
114672,826997
114986,827462
115447,828449
116016,830014
116132,830562
117017,832591
119894,836814
120757,837691
123588,838077
125856,838061
126447,837868
143017,855695
146062,859130
146425,855513
150413,851152
152887,849941
155484,854230
157209,856472
157728,856850
158301,857080
158669,856548
158996,855910
162420,845754
159425,836710
164644,840921
167982,844987
176787,844759
181659,841076
182089,840656
182667,840659
193338,844646
193856,845020
195877,848831
197682,845940
207045,843183
218948,837200
226306,831886
230385,830265
232083,829992
232774,830176
232976,830671
239366,827457
245634,822828
251470,818619
251936,818301
252538,818271
258184,822995
265938,820571
269362,819083
274210,817832
275452,820378
279868,819803
283362,815657
285845,813160
296160,809739
297600,809463
299848,809098
314479,806809
315122,806877
316469,807251
317102,807574
318666,808697
321451,810488
326528,813064
338626,818593
346523,821651
349200,827530
348627,828984
348273,830321
348186,830975
348219,832134
348844,833059
353884,838696
354302,839130
354823,839490
360705,842566
375482,853240
375998,853628
376618,853940
382233,855924
384637,856694
387252,857227
403421,844670
403800,844167
404066,843452
404433,841513
404942,840206
405321,839703
405730,839271
406224,839077
407338,838841
407859,838972
413989,841400
414299,841840
414530,842935
414974,843942
415514,844903
415915,845329
419414,847034
420099,847225
429685,849287
437918,849558
442766,852480
450800,858419
451225,858846
451655,859845
452598,864784
452613,868347
452300,872042
456276,878761
457321,879519
458159,880335
458655,883696
458567,884316
457809,888090
457529,888803
447090,896859
443731,897369
443081,895855
442223,896114
440186,898292
438562,902802
438494,903426
438811,903864
439428,903975
441244,904015
441793,903890
443101,906891
446667,915124
447648,917651
447768,918212
447966,921679
448032,924042
447945,924662
446922,928072
446458,929452
439671,948082
439013,949300
438635,949805
436026,953003
436179,956045
436091,956664
435901,957362
435573,957971
435216,958481
422693,975236
420295,977957
419408,978689
418419,979116
417836,979139
416109,979465
415627,979667
414713,980298
402524,992646
402213,993259
400460,999373
399423,1003260
399568,1006056
399688,1006613
399900,1006943
400640,1007808
410125,1015331
427574,1027470
429346,1028478
431483,1029328
433943,1033599
423854,1036322
423218,1036242
403989,1029634
397778,1027092
387436,1021087
381734,1017023
381220,1016643
379772,1016091
377075,1015374
344743,1012677
334663,1012299
334062,1012376
332737,1012123
323108,1006188
322668,1005784
322348,1005339
317586,1004803
315715,1005976
306695,1009918
305636,1010255
303790,1010118
299025,1009314
296936,1008680
296420,1008322
295668,1007438
295229,1006455
294995,1005351
291972,1003507
281728,1015284
275539,1023060
275167,1023563
274982,1024264
273249,1031034
267674,1034508
254417,1039709
253798,1039392
253126,1039225
252532,1039233
249265,1039955
248766,1040174
248338,1040601
247104,1041860
246775,1042468
245154,1052861
245416,1053940
246056,1054840
248167,1057511
249672,1059226
252508,1062169
253130,1062485
255929,1064713
259070,1067519
262043,1070386
262788,1071238
263427,1072166
263972,1073108
264634,1074616
264979,1075647
266012,1082355
266058,1083518
265903,1084770
265921,1085381
266167,1086455
266614,1087441
267257,1088368
267781,1088727
268304,1088862
271367,1088884
272545,1088827
273644,1088592
274646,1088147
275195,1088030
275770,1088015
277118,1088373
278439,1089463
285510,1097138
286885,1098907
287105,1099430
287130,1100011
286807,1100621
286430,1101155
285934,1101348
285352,1101396
284707,1101303
275172,1099202
271372,1097886
270746,1097572
252146,1098499
251473,1098302
250221,1097669
247601,1095833
244681,1093551
243738,1092754
241100,1090333
240777,1089883
236733,1082941
236611,1082404
236571,1081239
236349,1080745
235610,1079857
234021,1078189
233082,1077389
228739,1075962
227364,1075619
226788,1075631
226285,1075850
225923,1076387
219062,1076048
206247,1072031
195190,1068189
190076,1065059
189478,1065062
188654,1065920
182121,1072921
179640,1081323
177129,1092619
176702,1095203
176639,1095834
176758,1096374
179345,1100684
179667,1101138
180191,1101505
187583,1105973
192029,1108277
197220,1109668
203104,1111841
208680,1114169
209914,1114805
213253,1116897
215152,1118471
220213,1123379
220538,1123830
221203,1125345
221449,1126421
221514,1128169
221473,1129413
220629,1138233
220183,1139653
219853,1140262
221911,1146997
226043,1164251
226910,1171031
227415,1173184
231355,1188776
233187,1193943
233700,1194299
234288,1194509
238239,1195630
241534,1202549
241866,1203607
243259,1215504
243242,1217295
243027,1219752
241455,1226241
240148,1231596
239797,1232938
237258,1237641
235092,1240750
233819,1243229
233214,1244554
233038,1245225
232783,1246554
232841,1247719
233256,1248119
234317,1248834
235033,1249131
236229,1249008
237308,1248766
245790,1249036
263998,1249970
264620,1250023
265235,1250361
265888,1251251
266331,1252261
271913,1271038
271952,1272228
271746,1274107
271745,1274747
271988,1276486
272100,1277017
273785,1283430
274001,1283918
277205,1290797
277547,1291243
278383,1292067
278906,1292418
280960,1293271
282069,1293377
282916,1293116
283268,1292861
284755,1292173
286908,1291701
294067,1290410
295202,1290439
300333,1291059
301004,1291242
301726,1291531
302227,1291876
303590,1293045
314140,1300341
317633,1300225
320162,1300512
321535,1300975
324213,1302146
327413,1303694
330512,1305286
331111,1305613
332684,1306683
335293,1309078
342901,1316502
343225,1316940
343844,1317841
344306,1318842
344325,1319419
343945,1324922
343862,1325544
343575,1326258
340409,1332397
330440,1349878
325315,1358547
323064,1361470
322663,1361878
321748,1362517
317744,1366538
316935,1367387
315754,1368743
311853,1373228
310091,1373273
309601,1373506
309140,1373841
308418,1374862
305049,1382656
304884,1383329
305153,1393156
305542,1394752
306169,1395658
306704,1396005
307107,1396425
307763,1397302
307984,1397818
308106,1398349
308371,1399987
308531,1401129
308756,1403971
308796,1405124
308735,1405750
308179,1407184
307859,1407798
305707,1410899
301206,1419330
300887,1419943
300586,1420720
300526,1421347
301095,1422515
306136,1418808
336864,1397072
347451,1390328
348394,1389786
350332,1388807
351851,1388074
354815,1386757
356384,1386286
383130,1379602
385264,1379093
390246,1378313
393616,1377874
394722,1377736
395851,1377601
402424,1377737
407259,1377969
410935,1378237
412719,1378267
422021,1377741
430438,1377127
431629,1377029
432755,1376888
433858,1376742
435490,1376364
436616,1376222
441213,1375953
442916,1376026
444158,1376186
446165,1376717
455670,1379470
457699,1380316
459777,1381770
461434,1383381
466255,1388913
485169,1404806
497562,1415704
499726,1417658
512036,1434055
513630,1436267
514020,1437174
514135,1437695
514148,1438264
514084,1438885
513918,1439555
513178,1441626
512557,1443682
512318,1445539
512466,1446664
512581,1447185
513143,1448714
513360,1449186
514125,1450618
515182,1452501
518039,1456527
518806,1457958
523331,1466498
523977,1467973
524977,1470475
527965,1477945
528513,1479468
529061,1480992
529924,1484701
530472,1486226
530908,1487198
534060,1492731
536124,1494806
538676,1496601
539617,1497357
541789,1499350
542111,1499772
542765,1501245
543103,1502265
543236,1503385
543273,1504524
544124,1508257
544678,1509779
545118,1510750
545437,1511202
545827,1511663
546321,1512044
550830,1514722
552227,1515285
561956,1516005
574587,1515359
575694,1515220
577657,1514343
580341,1512459
580843,1512240
582368,1511621
584011,1511361
586504,1511681
592080,1512976
592383,1510140
595477,1485376
600024,1449808
603425,1423485
604699,1414194
608504,1384752
612492,1353700
616142,1325748
617231,1318006
621110,1288483
625173,1257383
628892,1229349
629996,1221610
638365,1159291
641662,1134315
645700,1104663
645928,1104480
667093,1100481
677791,1098477
699189,1094485
704550,1093510
707442,1093386
708092,1092863
709890,1092497
733090,1088162
759837,1083207
775872,1080253
791262,1077436
809743,1074001
831131,1070080
854273,1065905
854676,1065795
