436153,513820
436979,515231
437777,516182
439484,517162
443904,518781
450437,528692
450910,529581
451206,530134
452625,532312
456618,537679
457976,538996
475367,548002
476343,548336
476934,548641
480390,550594
481749,551480
482578,552183
484624,554387
492219,564157
492993,565598
493947,567776
494370,570048
494854,578374
494965,583200
494431,588980
493740,593132
493221,595286
490789,599969
488063,605236
487595,606559
487307,608466
487252,609296
487176,612585
487180,613476
487452,615958
487801,619989
489505,637345
490318,640107
490409,640906
490448,642688
490364,643918
490191,645086
489610,647609
489346,648225
488733,650287
487695,657205
487612,658896
487979,661568
488161,662243
488760,663439
505186,681864
506080,682750
511209,687426
513024,688758
514486,689929
516641,692714
517779,694706
518055,696241
518015,699745
518168,700481
518742,702137
519977,705358
520368,706308
521534,707807
523625,709732
524430,710280
535627,714208
538246,714745
539733,714981
541666,715276
544999,715531
548449,716091
559194,718136
559851,718347
560359,718743
560569,718956
561379,719934
561444,720220
557403,720977
557047,721072
556544,721475
555894,722156
555218,723267
552572,727712
552487,728081
552493,728972
552584,729310
557266,739328
558532,741624
561686,745628
562825,746756
563720,747150
565895,747103
567351,746754
567912,746411
568862,746035
569665,745937
570322,746147
575336,747952
579522,750224
580001,750620
580905,751781
583437,755664
584022,757749
584213,759346
584195,760638
583723,764945
583053,766949
580823,778647
580205,782462
580172,782864
578633,784443
578160,784877
576527,785905
574031,786999
572871,787193
566933,811549
566346,817055
566385,818346
566662,819420
567025,819940
572363,823066
579531,830727
578171,840573
577030,843748
574776,846470
572174,850115
571818,850640
571349,851935
571293,852335
573123,869779
573960,873861
574085,874628
574198,877547
574029,879147
573793,879825
571809,882728
569465,885756
564235,891693
556300,896816
548449,900768
541156,903731
540826,903856
540437,903827
539091,903013
538880,909060
538882,909521
539066,910227
546595,921431
546987,921950
547228,922164
555819,929487
556810,929850
557621,929937
563972,928790
569898,926629
570166,926474
576826,922832
595674,929042
600865,932085
601137,932268
601318,932543
601662,934415
601863,936903
602627,938342
603833,939377
612600,946651
614959,948591
618955,949241
630782,948767
636652,946961
643121,935954
643473,934998
643490,933737
643333,932970
643057,932357
642178,931444
637355,925986
628864,916166
628011,914791
627736,914179
624023,904867
623685,903886
623584,902657
623809,901087
624012,900440
624191,900162
624726,899788
634756,898772
635206,898767
639135,899037
639525,899064
641119,899725
642446,900603
642808,900692
643677,900652
647558,899138
648093,898763
648479,898267
649946,895209
650060,894900
650776,891418
650831,891018
650719,888897
650797,887667
651025,886527
651172,886218
651471,886092
651740,886089
655411,887498
656839,889633
657265,890121
658019,890697
659857,891508
667186,890476
668173,890127
668439,889939
669061,889225
670713,886870
670595,884380
674605,878677
675019,878180
675554,877805
680310,874552
681298,874200
682274,874209
682526,874495
688867,884016
691830,888687
692071,888899
700025,892125
705379,894892
706773,897148
710399,901840
711523,902964
715707,906356
716427,906532
744589,895140
745156,894824
750290,891028
757213,884466
759256,880681
769279,873422
782746,868257
790559,860527
790835,858769
790852,845131
789616,837331
789345,837151
783215,832110
782694,831287
782504,830582
781562,826011
781494,825611
782073,824402
793993,823281
794556,822964
797308,821225
797424,820915
799907,813883
802957,805271
804135,802900
804456,801981
805520,797959
804351,796009
794669,785616
786031,776403
775520,772700
769070,766926
758379,756971
749863,744486
749315,743664
748913,742716
748752,742011
748674,740812
748955,739761
751219,734001
751659,733563
752576,733148
753318,732952
754029,732787
754863,732743
755281,732767
755910,733034
757266,733935
757653,733868
757979,733739
772410,727253
773167,726225
779238,717163
780455,715233
780568,714923
780446,714543
779212,708882
778759,708459
777986,708503
770425,710263
768292,710822
766013,711692
765267,711519
749819,700260
747376,698206
746501,697328
745616,695895
745389,694791
745084,692330
744882,688982
739111,684920
732326,684409
730393,684315
729978,684352
727700,685218
727281,681070
717509,661215
716628,659844
715906,659208
715010,658791
713760,658687
712726,659010
712138,659326
711526,660043
711382,660352
710465,662550
708886,666296
705831,670617
705363,671054
703268,672099
702648,672354
702232,672329
697006,670157
695196,668151
695014,667877
683143,647919
681675,644740
681488,644035
681292,642653
680649,621313
680631,619990
680566,615193
681100,608663
677853,611476
676796,612198
676413,612203
676086,612115
668684,609875
668204,609451
667773,608102
667560,607246
666028,601358
657394,589903
648715,581338
647625,581567
647150,581572
646440,581396
643524,579832
637058,575142
631061,569983
629897,568920
624997,563994
623085,561863
613459,550559
609357,544760
608997,544210
605803,540739
603366,538703
602565,538189
601942,537919
598836,536966
594665,535348
594399,535166
594040,534616
586612,519252
580636,500153
575805,493435
567456,480258
557051,480193
556794,481271
556069,482322
555747,482386
552028,480479
551761,480328
549220,478442
548124,477280
548559,472575
548434,471777
548131,470734
547717,470276
547450,470093
547098,470096
546776,470221
546015,470812
545173,471741
544879,471712
543172,471356
541379,470939
533355,462144
525767,451499
525206,450703
524843,449261
524803,447540
524915,446801
525797,442799
526254,441043
529252,433399
529774,432596
530358,432284
534279,431641
534471,429611
534224,428045
533459,427467
529162,424669
524867,422116
516881,419494
506878,416974
487084,411422
486410,411211
479103,406849
470036,400800
468656,399853
468247,399393
467567,398289
466094,395313
464504,392430
463683,391449
439000,377137
438121,376708
437042,376434
436194,376405
431483,376637
432096,373279
432095,372848
431832,372203
426976,368155
426245,367603
415523,362730
414500,362423
413158,362424
409860,362704
409509,362796
408459,363565
408108,363565
395584,356499
395116,354808
395263,354071
395640,353579
404539,345986
405996,345217
411216,342847
412236,342508
413111,342568
413781,342783
419139,336015
419339,332141
419365,330144
418983,327409
418895,327040
418721,326794
418224,326395
416273,326121
416010,325967
415544,325507
413530,322650
412305,320346
410495,315307
410446,314579
412127,312305
412459,312130
414337,313428
416610,315147
417804,315699
418533,315882
422406,316001
422814,315938
423337,315600
423716,315046
423946,313538
424702,312954
425021,312831
430784,311253
431888,311036
434014,311001
452336,314550
452744,315009
455257,317399
455521,317583
462350,321801
463079,321952
467886,321841
475369,321103
475862,320702
476527,319407
476751,317839
477037,316392
478099,312914
478214,312606
479310,310603
479514,310326
482958,306190
483509,305849
483946,305816
488919,304992
494927,302039
495652,301420
495968,300834
497307,296000
497070,294895
496804,294282
495927,293333
495315,293029
494471,293003
493277,293133
492203,293415
491419,293512
490603,293424
490050,293027
489873,292752
489752,292014
490471,290535
491280,289547
496343,284815
502309,280969
508921,279259
510254,277967
510629,277412
510827,276765
511142,267078
506785,257914
505883,257458
497123,253361
496482,253087
495060,252757
482826,243476
482407,240773
481967,239884
473030,232363
472449,232058
471027,231726
467145,231865
466422,232053
465583,232548
464222,232953
463094,233203
461846,233116
452043,231305
449782,230452
448708,229718
448009,229043
447718,228399
447945,227291
448179,227075
455550,222409
461974,220972
470744,212851
473797,209701
474947,207729
475518,206097
475516,205636
475195,205084
474644,204717
473890,204598
472560,204604
471748,204515
470039,204000
468793,203483
460706,199549
460127,199244
450760,192113
444354,185922
443600,184849
443511,184511
443596,183711
443507,182912
442956,181684
442115,180733
440811,179814
439162,178804
432079,175500
428349,173909
419478,170173
419044,170173
417746,170759
393228,183991
385131,191518
384348,196744
381043,203874
380898,204181
380637,204365
376238,205590
375861,205589
375254,205343
374880,204789
374304,203159
373957,202636
370723,199188
370059,198541
367228,196477
366909,196292
348303,190407
341564,189472
338970,189086
326840,186303
323776,184749
323145,184935
322742,184902
322394,184808
321847,184468
316954,180018
316523,179555
316151,179030
315923,178383
313325,172375
309070,163222
308127,161464
298698,150035
298097,149324
297551,148982
296802,148824
295419,148754
296061,142732
296092,142332
295923,141624
295695,141407
293370,139732
292221,139110
294558,125073
294627,118616
291884,119860
291567,119734
291512,119426
293003,116054
293324,115441
298774,108863
300803,106478
301873,105315
303146,103939
303377,103725
303627,100221
303492,89120
303464,88751
302930,87057
302191,85546
301850,85021
301393,84588
301050,84494
290311,87808
279788,92624
279038,93203
278056,93565
271553,94561
271150,94588
270723,94154
270581,93846
268859,86236
268923,85406
269574,82982
269738,80492
269688,79661
268392,73070
268167,72392
264269,64671
263586,64020
262700,63582
261269,63231
258860,62964
256684,62484
255141,61794
253748,60520
252981,59498
247917,48871
245700,43991
245024,42907
234601,33822
233604,33042
232810,32450
232211,32166
231812,32101
230721,32335
229948,32388
229464,31983
226487,29214
221342,23250
220947,22723
220588,21734
220451,20994
220456,20564
220788,19153
220677,18844
218217,13771
217683,12965
216628,12071
214477,8282
213995,7877
213086,7466
205790,5439
205390,5403
204646,5517
195044,7117
193953,7380
181683,1306
180439,335
179384,12
178499,0
177580,79
176036,211
175319,385
170475,3053
168432,5885
168222,6559
167348,9561
167343,9900
167789,10799
168684,12104
169128,13003
169210,13343
163525,24058
163321,24271
157991,32007
162732,58049
162869,58359
163038,58638
163491,59076
167686,62706
177093,73792
175597,84264
175602,85956
178374,93562
178654,94150
176810,111200
176024,115989
174335,125688
173851,127404
173599,131123
173965,131682
176046,133556
176676,133841
177739,134102
180041,134471
181045,134792
184610,137915
185037,138413
185147,138722
184940,139785
184465,142374
178713,149774
178331,150261
178070,150412
177694,150437
172647,150702
169664,146729
167356,144605
166584,144040
159949,139977
156192,138568
155789,138501
150137,138386
148981,138584
137379,140681
136768,140949
136243,141310
131920,144564
131600,144713
127538,146031
126760,145957
125902,145481
123213,142329
122817,141861
121154,137739
121073,137368
121108,136969
122579,128468
124439,124130
124532,123762
116525,103373
112772,101784
114078,104962
114210,105703
114202,106164
114080,106470
110431,110808
107763,113469
107530,113680
97605,120549
96788,121088
83166,129267
82058,129923
80629,130727
79699,131109
78974,131279
76978,131517
74787,131474
73665,131267
72634,130939
69524,129618
69031,129608
68070,130301
67569,131669
65957,138565
65788,139732
65608,143084
65440,144251
65287,144555
62402,150101
57651,157795
56972,158458
55446,159628
54597,160103
52683,160433
50625,160605
49285,161039
49022,161218
46343,169015
46187,169566
45349,176385
45677,177347
46583,178259
47184,178549
47875,178748
49094,178589
50870,178164
52737,177340
54719,176642
56229,176365
57884,176227
58754,176695
59166,177163
59384,177845
59254,178581
58715,179402
58094,180098
56129,181854
54744,182554
51733,183970
50212,184678
49220,185027
47096,185568
45877,185697
43450,185430
39848,184553
37719,183922
31780,182716
30506,182719
30157,182804
29362,183341
21858,188750
19003,190811
17971,191558
13473,196878
12935,197667
9493,203595
8933,205215
6566,213571
5584,219679
3766,229249
3672,229586
2817,231414
1763,233023
0,235170
1352,239545
7341,242023
7883,241234
14220,234599
16658,232159
17340,231496
18278,231085
18978,230916
20609,230736
22817,230692
23629,230772
24698,231041
25330,231301
26418,232033
28112,233919
29752,236324
30387,237908
30695,239825
31052,240787
33641,247586
34284,248739
37579,253483
38301,254120
43597,258201
44400,258710
44748,258810
45069,258754
50120,256888
50699,257421
49709,263774
49409,265677
47503,272198
47097,273575
42865,287224
42620,287835
42287,288413
41452,289351
40152,290279
35856,295119
32659,299026
31546,300635
31320,301739
31470,302943
31641,303507
35376,315864
39275,325149
39415,325460
39815,325930
41251,327190
42577,328079
48360,330871
49028,331068
49495,331077
49727,330979
52500,326547
53042,325726
53899,325188
55630,324698
56478,324653
56885,324722
61896,326818
67045,329252
67593,329632
67995,330101
69155,332062
69385,332281
69703,332410
69998,332293
73802,328482
77935,324185
79573,322275
81336,319998
84350,317681
88991,317577
89457,317585
96566,317890
97323,318026
100214,319551
102550,321252
115850,321127
116547,320797
118096,321100
120157,321717
121284,322381
122434,323445
122635,323725
122969,324684
123022,325084
123344,328781
123338,329212
123303,329612
121543,334077
121306,334289
121041,334470
120365,334706
118175,334733
116626,334956
116009,335223
115534,335677
115384,335952
115227,336688
114263,344242
114229,346426
114354,347628
123141,375209
124787,376710
129405,381054
129859,381953
129818,382783
128699,385227
128340,385776
127895,386200
125976,387403
124249,389224
123712,390078
119443,397552
118992,398438
118777,399112
118507,401415
116948,415515
120149,421223
120231,421593
120074,422299
117397,426751
117039,427269
111022,435209
110280,435783
107143,437612
103529,439618
103177,439705
102585,440034
102138,440489
97832,447284
97558,447895
97371,448631
97351,449892
97484,450664
97740,451283
100486,454446
100993,455641
101224,455860
101748,456207
106994,458995
108190,459567
109647,478110
108886,487852
105868,494976
102910,501794
102338,502555
100335,504555
99200,505677
98127,506399
96259,507201
94957,507674
93444,508389
92994,508844
92691,509423
89216,518693
88175,523231
88168,523662
88557,524882
88873,525673
89039,526384
89084,527215
88833,528288
85539,535284
84661,536624
81935,539289
80637,541115
80420,541789
80423,543481
80650,544131
81055,544630
81550,545038
82165,545324
82547,545423
83663,545389
85974,545291
88270,545665
88945,545890
92873,547735
93953,548459
97036,551643
97932,552949
98195,553199
105901,557157
106607,557321
107022,557296
107262,557054
113977,549492
122886,539275
127830,535743
141927,526485
143993,526296
152064,521814
152424,521295
152429,520926
152052,520399
151616,519963
149687,518683
151215,514299
151458,513656
151876,513199
157060,510680
158717,510115
163533,508666
169183,501321
171176,494516
171656,493660
172732,492043
173358,491342
174333,490954
174775,490959
180834,493549
182852,494647
184142,495122
184995,495162
185791,495079
186795,494720
187535,494144
196665,484492
201317,478052
202387,476833
204311,475622
206282,474905
208268,475537
212009,475697
213092,475953
213708,476205
214907,476801
215724,477330
215953,477979
219312,483513
223966,489150
227898,493336
228717,493927
240985,500792
241893,501229
246593,502311
251097,502069
252862,502020
253654,502118
254711,502372
259437,503912
260461,504657
261102,505798
261409,508167
261390,510811
261267,511578
260999,512191
268841,519129
273862,512183
285652,503463
287484,502121
296265,498848
297357,498576
298502,498736
300350,499575
300936,499886
302989,501402
304017,501745
304429,501777
305136,501566
306520,500712
307230,500069
307643,499610
308443,498630
309163,497546
309598,496673
310076,495379
309881,485823
314476,483534
316067,482466
317454,481181
329748,469086
328947,462967
328040,462073
327864,461795
327662,461149
327635,460350
327991,459368
328699,458295
331321,455569
332441,454466
334058,453396
334937,452937
341923,451852
344654,451430
346794,451497
356325,452933
366704,456026
367966,456550
368845,456982
382896,462253
391671,465208
400536,464225
401592,463517
402236,463241
403823,462964
404732,462963
405408,463178
406261,463669
406786,464038
413018,472854
413546,473653
415930,477523
417905,482685
418199,484159
418937,486986
419261,488030
429034,497943
430271,499263
431303,500921
431570,501535
433697,506541
435567,512023
