2930299,1254636
2925362,1255828
2922863,1256410
2915913,1257025
2914563,1256865
2908880,1256059
2904478,1254341
2903197,1253318
2903398,1253236
2904586,1253570
2909188,1254255
2916677,1255019
2917445,1254979
2918081,1254793
2919162,1254281
2919508,1253867
2919659,1253250
2919238,1252878
2918603,1252746
2891323,1248641
2888172,1248201
2874848,1248592
2872826,1248838
2870917,1249327
2868224,1250647
2864014,1252894
2862210,1254227
2862184,1254609
2862857,1254517
2865336,1253756
2865874,1253486
2866535,1252604
2866979,1252279
2867517,1252009
2870978,1250652
2872188,1250289
2872916,1250160
2873630,1250190
2877726,1250611
2878330,1250746
2878600,1251101
2878062,1251372
2860056,1256287
2859385,1256411
2856001,1256650
2855319,1256616
2854025,1256383
2851576,1255810
2850525,1255303
2849179,1255137
2842881,1255854
2840176,1256378
2826896,1260736
2825722,1261186
2824647,1261723
2824201,1262046
2822933,1263104
2822555,1263516
2821392,1265450
2820288,1266683
2816361,1270530
2814693,1272095
2814246,1272418
2813170,1272953
2800282,1277497
2774055,1285413
2772723,1285745
2758933,1288996
2750887,1290631
2748789,1290960
2731717,1294072
2710451,1298156
2703013,1300314
2699960,1301213
2697642,1302117
2693557,1304164
2688282,1306836
2669234,1316746
2655819,1326077
2651768,1329048
2646989,1332980
2646161,1333732
2645778,1334137
2644911,1335550
2644490,1336648
2642584,1342406
2641705,1345295
2640118,1352483
2638991,1355409
2637247,1361058
2637112,1361664
2637541,1361883
2639045,1361053
2639492,1360707
2639754,1360249
2642336,1355166
2642562,1354616
2642944,1352277
2645069,1342130
2645591,1340397
2646003,1339990
2646443,1339957
2646690,1340504
2646530,1343152
2645642,1347518
2645183,1349309
2643677,1354180
2643160,1356361
2642833,1357546
2642572,1358005
2641995,1358988
2640739,1360805
2637465,1365309
2636342,1366520
2636050,1366980
2635630,1368108
2635497,1368714
2634303,1388344
2635869,1415493
2635823,1428326
2636295,1440620
2636403,1441302
2636646,1441819
2638750,1445217
2640524,1448137
2642094,1451949
2642023,1452644
2641625,1453738
2637865,1460711
2637214,1461603
2635460,1463700
2634685,1464506
2634262,1464817
2631559,1466100
2629751,1467415
2627583,1469131
2623470,1472797
2622372,1474093
2620448,1476794
2619595,1478231
2616803,1487477
2616731,1488171
2616753,1488953
2617626,1490462
2618280,1491358
2618575,1492655
2618340,1509219
2618209,1511296
2617377,1523010
2617040,1524191
2615407,1527871
2614880,1528909
2599168,1544963
2588118,1554152
2576600,1563640
2563607,1570575
2558965,1573018
2552993,1577384
2551823,1578093
2550727,1578872
2550274,1579350
2550056,1579588
2545890,1585148
2545874,1585468
2546565,1585670
2547458,1585673
2548659,1585450
2549725,1585067
2550036,1584880
2550309,1584676
2556691,1580131
2554418,1584190
2553955,1584218
2553586,1584315
2553312,1584519
2551247,1587890
2550782,1588781
2550940,1589015
2552519,1593892
2553532,1594394
2555493,1595308
2556116,1595270
2556418,1594814
2556558,1594180
2557126,1593239
2557490,1592842
2557945,1592502
2558561,1592339
2559277,1592359
2559913,1592508
2561250,1593459
2562479,1594573
2564824,1596871
2573805,1605836
2573953,1606296
2573748,1606840
2573384,1607238
2560690,1613853
2547571,1620386
2540721,1627134
2542596,1626056
2543137,1626118
2543292,1626734
2544095,1630250
2544263,1631616
2544228,1632024
2542378,1632538
2541698,1632641
2526870,1632531
2522257,1632172
2512240,1633181
2509477,1640707
2508819,1640650
2508240,1640433
2507777,1640147
2503753,1636440
2503514,1635922
2503395,1635367
2503444,1634677
2503682,1634133
2504255,1633195
2504620,1632800
2505637,1630745
2505843,1630202
2506465,1628544
2506367,1627862
2498933,1622476
2497692,1621703
2491258,1618132
2490680,1617915
2490189,1618161
2490288,1618873
2490891,1620618
2491775,1622036
2492055,1623331
2488645,1624645
2488021,1624649
2487390,1624527
2482840,1623002
2482845,1620943
2483156,1618523
2483427,1618040
2493183,1617331
2493530,1617461
2497210,1617816
2497484,1617613
2497667,1617340
2502072,1615149
2502122,1614459
2502025,1613778
2491479,1604106
2490526,1603536
2488883,1602911
2488250,1602759
2486802,1602903
2484866,1603356
2470142,1607484
2454117,1609518
2452574,1609571
2451804,1609613
2443327,1610539
2437593,1612716
2435458,1613668
2424122,1618012
2414995,1630356
2408768,1625384
2407641,1626563
2401693,1632192
2399888,1633499
2393483,1637808
2390292,1639307
2389155,1639738
2386112,1640638
2372148,1645313
2372232,1647611
2372084,1648240
2371810,1648720
2368325,1652748
2367696,1652624
2363544,1649716
2363312,1649198
2362936,1645764
2363310,1644907
2361945,1641863
2335494,1642824
2333339,1643051
2319789,1645644
2317884,1646105
2298601,1654970
2293877,1658070
2292068,1659362
2291487,1660319
2291804,1660771
2295876,1659626
2298213,1658217
2298643,1657887
2299500,1656482
2299867,1656093
2300328,1655761
2316163,1648018
2317329,1647591
2319236,1647129
2320358,1647015
2320698,1647310
2320591,1652689
2319950,1653558
2298109,1664431
2297614,1664671
2297000,1664853
2291178,1666014
2289109,1666169
2288311,1666204
2287766,1665980
2274106,1667574
2261250,1672197
2258054,1673479
2248455,1676430
2246640,1676971
2231655,1680137
2227259,1680659
2225185,1680651
2221608,1680115
2219574,1679639
2218399,1679160
2215820,1677684
2215390,1677330
2214244,1676223
2197074,1654640
2196762,1654219
2194714,1650335
2194455,1649788
2194232,1647908
2192002,1642390
2191019,1641437
2190105,1640762
2189107,1640182
2187850,1639798
2184231,1639415
2182780,1639318
2180093,1639362
2175987,1639399
2173912,1639202
2165947,1637127
2164863,1636612
2164551,1636190
2164129,1635154
2164073,1634506
2163595,1632852
2162261,1631140
2148546,1622069
2147464,1621522
2144726,1620883
2144047,1620878
2134800,1621195
2132984,1621510
2130551,1621910
2125531,1622498
2124208,1622578
2110748,1622048
2083081,1619470
2081425,1619280
2070272,1610854
2071488,1608525
2070388,1604792
2067243,1599707
2064658,1592873
2058642,1585382
2056525,1585362
2055843,1585199
2054855,1584615
2054431,1584258
2054037,1583901
2052091,1581958
2050935,1580761
2049929,1578786
2049628,1577684
2044623,1566760
2039761,1564420
2037163,1563023
2035129,1561855
2033296,1560556
2029832,1557767
2027928,1555142
2027677,1554656
2019435,1532008
2017002,1522946
2016071,1516862
2016141,1515408
2015933,1513531
2015610,1511719
2014453,1508515
2010606,1499067
2009857,1497609
2008515,1495893
2006249,1493558
1995558,1479886
1985138,1465987
1984804,1465566
1977431,1458205
1972819,1454214
1943505,1424284
1940564,1421194
1934231,1413361
1931243,1409563
1930721,1408591
1930009,1407100
1929165,1405027
1928842,1403896
1928661,1402667
1928903,1402074
1929240,1401663
1929875,1401582
1930276,1401385
1930229,1400770
1928652,1396498
1927752,1394488
1926491,1392027
1926215,1391541
1922417,1385638
1917648,1378158
1912595,1367757
1910657,1363741
1908340,1358719
1899651,1339046
1894493,1327321
1888676,1321719
1887348,1320707
1886331,1319441
1881659,1312203
1878235,1305206
1876581,1301706
1876178,1300669
1875990,1300119
1875756,1298923
1873964,1289354
1872144,1278705
1871816,1276217
1870842,1272206
1869858,1268841
1868845,1265509
1867683,1263013
1872563,1269206
1874161,1273559
1880393,1286523
1880994,1287431
1881323,1287854
1891457,1299777
1895174,1303741
1897491,1306110
1898265,1306890
1900777,1309007
1901718,1309658
1904741,1311389
1907201,1313599
1907530,1314022
1907775,1314539
1908175,1318321
1908084,1319094
1907780,1319597
1906203,1321925
1905865,1322213
1902899,1322484
1898431,1324710
1897977,1324970
1897189,1325702
1897007,1326385
1898585,1331089
1903761,1344294
1904255,1344434
1904586,1343839
1910811,1326478
1912275,1322209
1913129,1318915
1913375,1317488
1913626,1315229
1913650,1313162
1913139,1311481
1912242,1309441
1911223,1308175
1910394,1307460
1903915,1302932
1891627,1292679
1890443,1291541
1889258,1290404
1887686,1288814
1885929,1286767
1881632,1281431
1880016,1279257
1878513,1277017
1872518,1267318
1872246,1266833
1868148,1259054
1867418,1257594
1864637,1251505
1863421,1247007
1863029,1243195
1863048,1241807
1863322,1234770
1861741,1231854
1861068,1230301
1860479,1228714
1860320,1228163
1853192,1200306
1852531,1200139
1852008,1199876
1851186,1199159
1850860,1198736
1850674,1198186
1850598,1197541
1851092,1194691
1851794,1192083
1855886,1182814
1858775,1178787
1860536,1174054
1863765,1170229
1864158,1168984
1864491,1167618
1864985,1163935
1864788,1153087
1864654,1150440
1864494,1147823
1864239,1145950
1863576,1143718
1862744,1139579
1861954,1131955
1861340,1123525
1861158,1120200
1861180,1116068
1861240,1111225
1861385,1108353
1861854,1101094
1862926,1088173
1863752,1062400
1863464,1053712
1863504,1047482
1863812,1034181
1865068,1014066
1865774,1006643
1866401,1001319
1866737,998471
1868791,984591
1872469,966122
1874708,955039
1880713,926803
1881120,925524
1881326,924932
1884512,915941
1886059,911816
1887487,908313
1892679,898387
1897630,889824
1899782,886385
1900072,885881
1901961,882173
1902424,881015
1903758,877481
1905292,873353
1911268,854928
1913725,844005
1915328,826782
1915387,825329
1915205,823436
1915073,822881
1914897,822379
1912877,822365
1902503,825643
1897569,828164
1894366,830716
1894683,831815
1895022,834303
1894938,835078
1894418,836176
1893169,837177
1892670,837287
1888141,837135
1887466,837005
1886790,836843
1878019,831805
1877433,830961
1877194,830475
1872955,825558
1867239,819764
1863781,817163
1860995,816391
1860321,816228
1848117,814494
1844034,814007
1843311,814029
1830720,814913
1830167,815054
1825110,816347
1823078,817333
1821830,817494
1808366,815206
1799632,811540
1797678,810331
1791925,805559
1789140,801413
1784357,798338
1783368,797749
1769922,794778
1767281,794784
1758200,791626
1758020,791076
1754599,788697
1749094,785012
1734890,780640
1729834,779156
1716871,776215
1713876,766085
1706644,745452
1702535,735653
1701117,732665
1699591,729741
1699278,729316
1698665,729113
1694954,728606
1694288,728466
1693704,728232
1680236,709133
1681284,685707
1677893,661845
1677798,661231
1674725,651714
1674497,651226
1672553,648646
1671877,647797
1670541,646807
1665875,643787
1664552,643473
1663783,643395
1663210,643560
1659673,643626
1655420,641980
1653669,640682
1652821,639256
1652148,638406
1651382,636942
1651234,636390
1650496,634926
1650051,634564
1649525,634296
1648784,634186
1648098,634198
1647438,634056
1647021,633694
1646430,632781
1646256,632229
1645316,630214
1645008,629788
1644315,629452
1641986,629317
1641464,629110
1639230,626624
1638720,625647
1638455,624482
1637726,620276
1636847,615210
1636674,614659
1631321,608621
1628601,606110
1619658,591659
1617579,587843
1616749,587116
1615650,586610
1614201,586386
1613625,586179
1606209,582872
1600849,577931
1596980,574137
1596647,573710
1596395,573221
1591736,561155
1591639,560017
1591810,558506
1591818,557121
1589630,550162
1588780,547557
1584763,541760
1580338,535690
1577129,530990
1576379,529521
1575538,527439
1575449,526824
1575648,525643
1575703,525405
1575614,524790
1575106,523134
1572127,514550
1571708,513509
1568246,509548
1565660,506130
1562551,501886
1561385,499375
1561217,498823
1561854,495306
1561873,494629
1558309,482940
1557813,481991
1545465,466173
1545057,465839
1532288,456384
1530611,455659
1522797,446367
1521923,444681
1521644,444234
1521349,443761
1520859,443272
1519859,442695
1519264,442454
1515245,441560
1514489,441473
1511980,440722
1511466,440448
1503974,435142
1494993,426885
1490610,421891
1489452,419477
1489278,418850
1489380,418111
1489026,417005
1485792,409479
1480798,409563
1472824,409718
1464501,410267
1463829,410269
1456630,408994
1452922,407801
1450048,406944
1445109,406057
1438693,405909
1429163,405940
1424251,406676
1422988,406829
1421620,406828
1420868,406734
1418855,406270
1416495,405405
1406277,401322
1403251,399191
1402850,398851
1400064,396935
1399502,396718
1398751,396623
1398242,396868
1393936,400916
1380645,408495
1379974,408492
1374059,410001
1363460,412711
1350237,442396
1345638,455864
1341209,466695
1335393,474527
1325873,484291
1315798,496690
1314611,496247
1313288,495926
1302498,494870
1302312,494852
1301637,494690
1294339,491772
1291812,490325
1285941,486188
1283719,484404
1279258,480220
1259489,471839
1244737,461997
1236436,459639
1231744,457863
1229658,456749
1227902,455423
1226255,453977
1217767,446334
1215260,443453
1214602,442608
1214369,442111
1214465,439987
1212233,438281
1209893,436694
1207049,434820
1206543,434533
1205366,434109
1203944,433833
1203322,433913
1202342,434417
1201931,434747
1201396,434613
1193904,429589
1190657,426592
1182446,418063
1182105,417654
1169991,388350
1169586,387323
1168323,380698
1167636,375813
1167626,375135
1168083,373944
1169686,370808
1170142,369648
1170292,368974
1170684,362697
1170039,360494
1167915,355358
1161277,345795
1157111,338139
1153229,329132
1151984,322597
1150858,318714
1150123,317246
1147155,313469
1146738,313119
1141638,310424
1135010,303367
1129142,297037
1124976,293711
1121407,291049
1120222,290613
1119480,290499
1118788,290509
1118071,291321
1117586,291553
1116232,291390
1103860,283399
1095175,274553
1094428,273789
1090134,268469
1086935,262288
1086268,260755
1085052,259018
1084637,258666
1074578,251542
1069361,248154
1068949,247801
1068618,247388
1068370,246886
1067730,244673
1067234,243699
1063795,238919
1062476,237238
1060993,235704
1050416,225633
1047105,222764
1046531,222557
1042844,222019
1041095,221336
1034415,218120
1028706,213763
1027862,213051
1022979,203999
1022489,203022
1021293,199208
1020124,194715
1017543,189300
1017270,188826
1012302,182479
1011378,181824
1010209,181375
1009605,181319
1007749,181521
1005767,181593
1002751,181127
1001944,180260
999946,177960
999251,177868
997490,177632
991857,177299
947574,175333
941280,174973
938142,174883
931768,174513
928657,174422
922360,174050
919145,173951
912849,173572
906547,173313
900172,172922
897033,172821
887547,172260
868536,171325
843231,169810
840036,169687
839578,179015
838859,190124
838513,197538
837800,208585
837455,216029
837190,219731
782771,216516
779146,216245
777682,216213
777604,216212
757118,214905
756016,214804
712733,211855
677672,209437
642656,206841
636309,206358
566121,200722
531722,184192
482886,160755
450363,145083
431912,136211
398181,119857
381159,111593
354447,98603
322671,83094
307487,75655
288961,66590
263211,53932
241219,43123
222659,33942
221681,33267
220873,32707
223294,27229
230480,14183
231038,13114
232061,10872
232379,10075
231355,10034
217816,9486
203024,8877
186110,8168
166778,7368
147455,6564
118429,5316
86218,3937
61310,2801
59990,2741
40895,1867
21488,974
3983,226
1381,0
224,4879
0,6985
92,8944
3935,20317
6675,27793
7909,30330
9560,31844
12568,33741
13190,33926
14247,34491
15237,35142
15645,35519
16240,36466
16696,37454
17133,39142
17473,40944
17680,42153
18330,48460
18223,51312
17963,52774
17701,55000
17392,57951
17469,59906
17523,60487
17984,62210
18817,64398
19741,65739
28858,75873
33984,80821
34871,81485
35581,81647
37889,82635
38705,83416
39352,84238
39952,85212
40114,85807
40228,86364
40218,87031
40083,87808
39733,89160
38762,92463
31867,111122
28774,114390
28464,114856
28377,116277
28957,117216
34824,126551
35174,126980
35649,127300
44912,137433
54873,156608
56042,159116
56589,160746
57504,164141
57779,165989
57881,167274
57937,169951
59088,188216
59925,188930
76741,208552
77068,208975
77306,209482
77523,211414
77788,217257
77834,218596
76760,232361
76353,235324
75457,239558
73873,245736
73734,246385
73637,247801
73929,249616
75515,255975
75668,256502
75902,257039
76260,257465
76682,257836
77321,258012
78010,257116
78022,256387
77898,255832
77095,253699
76470,252128
76176,250981
76119,250338
76283,249693
79618,244213
80136,244247
81370,245356
84359,249319
91029,259895
91273,260370
91901,261939
92287,263034
92827,264655
93275,266360
93783,268675
94162,271163
94480,274373
94569,276984
93924,290410
96239,309937
97709,328467
97769,329108
97985,329610
114506,347911
129478,358862
130025,359148
134973,362258
135917,362938
139557,366366
140906,368104
141955,370029
142935,372071
143219,373210
151894,375759
162523,379849
163686,380329
164605,381002
165865,382092
166619,382999
187263,412615
199555,431530
203695,436078
204416,436092
205691,436356
210070,439222
210573,440222
211352,443047
212047,442523
212663,442463
213186,442771
213502,443183
217095,450625
220796,459461
225649,464004
229688,467608
230365,467774
232739,468714
234524,469435
235020,469738
235528,470736
241701,483872
243083,486941
243367,488765
243260,489540
242445,492070
241737,493823
239890,497726
238249,500989
236738,503510
232437,510405
233111,520990
234214,524943
234289,525580
233761,529399
232732,533482
230642,538653
230874,542763
228247,543791
227545,545044
227323,545022
228143,543751
229049,542237
229456,540988
229474,540266
229217,539767
228314,539581
227550,539944
227202,540349
226294,541863
225611,542801
225187,543136
223809,544034
222730,544586
215795,548853
214407,549845
214029,550247
213242,551931
211128,557258
210945,557964
210930,558655
211004,559293
211171,559846
212549,560909
216698,562214
219244,566238
218542,570802
219528,572130
224150,576848
224742,577096
228217,576249
229596,575349
232676,573957
233761,573468
237231,572083
238356,572605
242014,576052
242776,576852
243260,577875
243126,578397
242824,578902
241767,580244
241341,580579
239677,581830
238930,581725
223408,579481
222131,579100
220947,578603
212565,573912
211625,573249
210363,572144
209029,570401
207800,567881
207495,566747
198402,563890
197444,564484
195089,565848
193052,566835
192000,567230
190769,567481
189372,567431
179534,566562
173488,564287
172303,563815
162452,559585
158171,558150
149246,555520
139827,553302
137143,556297
138627,562050
141468,567758
147153,572128
151124,571794
161218,584230
171016,594850
176285,597732
176788,598036
177201,598394
184755,606427
185422,607315
185912,608311
187464,612662
187606,613213
187832,615127
187770,617926
187331,623619
186888,626316
186967,626922
187365,628003
187714,628449
200957,637379
204494,639497
205030,639771
205687,639963
206267,639800
206570,639295
207881,638292
209012,637963
209667,637903
211793,638335
214773,639512
216884,640665
217807,641323
220854,643827
223814,646384
224581,647183
225227,648065
225983,649555
226556,651185
226855,653039
227338,654723
228064,656241
232016,660810
232523,661111
233122,661326
234528,661367
235106,661203
235410,660698
236140,659856
236567,659519
237147,659355
237772,659290
241563,659718
242251,659878
243446,660339
244475,660784
247349,662254
248593,663379
250104,664970
250782,665820
254292,670712
255529,672527
255791,673023
256344,674647
256586,676556
257045,678265
258034,680936
258360,681375
268665,691199
269528,691939
270036,692238
271492,692341
275438,692078
276091,692013
276643,691844
276894,691270
276721,690689
276393,690282
276222,689701
276522,689194
282800,683147
283648,682503
285152,681762
286436,681597
287138,681630
288577,681888
290191,682726
290609,683079
290873,683574
290696,684279
302333,690616
303502,689837
310296,685805
312933,680552
313329,679270
313428,678495
313384,676483
313409,673693
313536,672920
314535,669936
314987,669600
315737,669699
317348,670534
318959,671369
319467,671665
319452,677184
319443,677904
318962,679837
318709,680442
317689,681794
312571,686793
310596,688718
309759,691021
308857,691467
308512,691549
308031,692014
307915,692926
307606,696380
307765,696677
307683,699217
308701,699810
310916,700887
317778,703881
318835,705950
321062,708813
329127,717766
330383,718878
331074,719032
331779,719031
333312,719227
333822,719522
338457,722306
338879,722655
339626,723472
342402,727565
348961,735300
358931,745821
359382,746172
378450,755050
379233,755146
379732,754905
380401,753990
380991,752975
381413,752634
381913,752393
382539,752320
383321,752415
383923,752652
384918,753234
385763,753960
386514,754772
388200,756912
389104,758987
389857,761176
390617,767462
391976,776861
399246,781665
399607,782100
401668,786017
403184,788982
404248,791599
410777,812898
411179,814648
411645,817747
411619,818433
411074,822172
410284,824705
408911,837656
408694,841208
409210,841498
409879,841643
410494,840659
411259,838093
411756,836069
411801,833292
411734,831942
413606,831181
412522,858596
411217,867870
410965,869319
410013,873247
409848,873922
409474,874331
408844,874407
408083,874319
407582,874561
406786,875313
406410,875753
405820,876771
404398,879381
403967,880567
398012,903429
397846,904104
396476,910126
396400,910745
396828,911122
397590,911211
398224,911134
398780,910957
399230,910647
399576,910205
399820,909629
400454,906896
401663,902237
404211,896805
404713,896562
405346,896485
406015,896660
406020,897348
405363,906423
402659,914313
404622,926898
415481,928206
415890,928049
416238,927606
416397,923901
417583,923677
421337,928077
426607,934771
426946,935202
427783,936637
428872,938527
430306,941566
433066,950758
443983,951384
447272,953273
447914,955503
448263,956620
449012,958139
450511,961178
451765,963638
453872,966157
454737,966872
455903,967329
458045,967759
458658,967958
461613,971876
464041,975600
463992,977124
463790,977578
463949,978150
464291,978580
465560,979665
488783,994992
501147,1002917
505569,1005668
506583,1006357
509039,1008573
528887,1030459
539943,1044067
545671,1051483
550672,1055865
551519,1056570
552542,1057161
553041,1057440
556941,1059232
563137,1061969
568079,1063632
569104,1064222
571640,1066362
577223,1071760
577891,1072607
578634,1074081
590336,1098782
590565,1099292
591072,1100968
593815,1111253
594312,1113642
594491,1115579
594787,1119479
595033,1122755
596019,1130266
596348,1132086
597018,1135013
597833,1137916
602376,1146773
603049,1147618
605015,1149558
606369,1150564
607369,1151209
607899,1151518
609676,1152174
610358,1152336
612457,1152357
614259,1152020
620642,1149448
623599,1147931
625025,1147108
635259,1140640
636602,1139719
636967,1139303
637171,1138725
637421,1137279
637339,1136654
637429,1136038
637714,1135526
638053,1135109
641051,1132755
644179,1130594
647160,1129075
648214,1128665
650459,1128008
653423,1127326
654477,1126915
655950,1126186
657236,1125167
659905,1122391
660609,1121559
664963,1115581
665842,1114076
670308,1095915
670295,1089587
669691,1087974
663386,1075670
659166,1072778
657141,1071616
656612,1071339
653732,1070130
652556,1069695
650613,1069155
645348,1067071
643297,1065904
642539,1065118
641862,1062877
641391,1060493
641117,1056133
641747,1052970
642280,1051044
642379,1050274
642212,1049706
641952,1049226
639922,1046662
638063,1044666
637308,1043879
636898,1043515
636372,1043238
633837,1041079
631044,1038439
630050,1035776
629983,1034437
630154,1032925
630306,1032251
631694,1027858
633096,1025236
625851,1022219
615779,1014842
615388,1011714
615056,1010576
613231,1007116
611788,1005479
609578,1003767
597525,991717
593663,985799
592975,984919
591866,984417
590422,984300
585900,985146
584770,985482
584034,986339
583290,988719
583174,990173
583328,991426
584425,994010
585520,995226
585685,995795
586336,998725
586593,1000606
586182,1002726
585893,1003237
585527,1003650
580391,1009372
579919,1009624
577021,1010381
575722,1010147
574791,1009501
574449,1009044
574192,1008563
572880,1003384
572892,1002700
573262,1002257
573735,1002005
574447,1002018
576814,1002938
577339,1003219
577745,1003586
578768,1005544
582436,1003371
582793,1003113
582629,1002543
582194,1002175
581608,1001954
579053,1001383
570858,999591
567933,999381
563854,998447
563241,998222
562223,997631
551719,989947
551377,989521
547779,984597
547209,983689
544615,978733
544287,977623
544187,976963
544234,973512
544494,971226
544527,969827
543131,964013
542804,962902
542299,961905
541613,961052
541450,960481
541363,959168
541401,956370
541804,950545
541883,949772
542460,946977
542855,945726
543536,943965
546087,941017
547031,939584
547795,937890
548763,935619
549682,932410
549893,930868
549662,928301
548623,921513
548522,920884
543323,907038
541279,904476
540878,904108
538829,902945
535870,901785
535350,901502
532816,898656
532164,897803
531663,896805
527747,888820
524606,879515
518936,861750
518618,860606
518448,859349
518627,857990
519296,854423
519784,850625
519703,849311
519545,848739
518781,847939
515905,846183
515287,846140
514713,846287
513717,846779
513011,846761
510375,846048
509192,845592
508337,844878
505068,841907
504730,841479
493069,818303
491030,810923
488283,798595
488216,797966
488380,797261
490650,790441
491113,778656
490624,777654
488066,770700
487099,766606
486782,764804
486125,760764
486364,760189
487484,759866
487982,759591
488348,759181
488211,757238
487963,756034
487407,754434
479351,733277
478839,732989
474448,730193
474026,729818
473783,729331
473602,728756
473473,727498
473400,725495
473558,721950
474206,717474
474601,713011
474712,711553
474558,711011
473806,710205
471589,709162
470331,708753
466879,706615
466099,705838
461590,700370
456823,695035
451286,690293
450865,689947
447907,688777
447332,688951
446014,693575
445999,693986
446220,695878
447690,705032
449808,710943
450051,711431
450382,711863
454674,715444
457556,717354
457977,717729
460878,723041
461030,723615
460866,724289
460654,724866
460283,725306
458263,727117
456084,728791
455462,728868
454772,728690
452999,727304
452335,726441
444143,715591
439747,707967
438936,706529
438934,705841
439100,705167
439314,704591
439634,704085
440347,703235
441045,703259
441493,702920
440420,697912
440542,696591
440505,695782
440359,695077
440070,694473
439459,693712
435064,686132
430039,676885
429890,676311
429978,674880
430223,674275
430516,673767
431921,671943
424702,660950
412086,648781
406088,618379
405937,617835
405439,616822
403547,613471
403131,613123
389407,603719
385178,602007
381664,601389
373185,591222
372538,590350
372275,589857
365784,576972
365728,576341
369061,561131
369233,560457
369776,559347
370335,558768
367048,556909
365284,555498
365140,554921
364921,553053
364560,546879
364521,544839
364569,542775
365203,539135
365625,537857
365760,537901
365880,536565
365707,536016
363461,532930
362819,532057
362058,531267
359307,528572
358867,528218
358637,527696
358324,526570
358198,524616
359454,516958
360628,511706
360879,511102
360985,509639
360903,509004
360405,508708
356951,507105
355776,506620
355176,506533
354455,506530
351640,507304
349090,507600
346941,507463
345587,507118
343797,506417
343298,506120
336743,501522
336257,500504
335948,499377
335851,492466
335604,485133
333630,467501
333466,466920
332439,463778
332183,463283
331342,462544
329328,461346
328657,461156
328014,461219
322656,462900
317753,454168
318008,451273
317084,447729
316827,447233
312917,444589
312305,444341
308524,445162
308104,445497
306987,446738
306838,447414
306798,448101
306873,448737
307040,449287
307687,450859
307761,451494
307513,452066
306944,452230
306253,452225
302930,451992
302408,451689
301746,450838
301175,449902
299235,445217
299023,444002
299636,435643
299813,434969
300232,434634
300873,434572
301441,434408
301741,433904
301918,433231
301014,428459
300549,426748
292179,408779
291200,406762
290315,405415
280216,390516
279535,389629
275093,384137
271570,382009
269479,380155
268648,379408
258416,368356
255696,364952
252996,360855
243576,347406
242720,346684
242231,346379
238927,345423
236040,345425
234678,346317
233964,346303
232959,345689
227689,341584
227349,341168
227103,340669
225824,337534
220919,325958
213421,316578
212556,314494
207032,300181
204755,293171
207414,284952
209459,275150
211649,262652
211877,261131
211750,259855
210726,252322
209782,250320
208874,248954
208387,247951
208109,246814
207369,243289
207240,242043
207202,240713
207406,239190
208584,232761
210005,225192
210131,221040
209694,211204
209546,210619
209063,209616
207922,208441
204684,206105
202737,205530
202142,205270
199568,203105
198603,201823
198364,201321
195989,186669
195747,184144
195747,183449
196985,175099
201005,153214
202876,144814
203605,142122
204679,139028
205664,136683
206573,135181
208887,132805
210189,131855
211260,131478
211636,131049
212055,129805
211638,127418
209467,118504
201919,103281
201361,102328
200711,101459
199975,100642
199174,99913
197523,98415
196430,97871
195752,97693
194496,97824
193137,97467
192815,97017
192667,96461
191883,92319
191827,91679
192016,91007
192320,90507
193001,90686
193321,91136
193512,92204
201266,98903
210273,107767
211662,109451
220415,114952
227326,117605
227981,117525
231848,118582
232350,118893
233093,119675
237839,124965
238167,125383
239266,127278
240991,129372
245021,133216
245822,133972
261015,147101
263664,149199
264559,149868
265568,150486
268722,152199
272337,153647
279710,154791
280379,154834
282405,154809
283431,154326
286074,152637
287692,151180
290717,147991
291016,147489
290865,146906
290474,146548
288718,146825
288019,146809
287583,146603
288696,137850
288948,137280
289756,136552
290278,136704
290782,137013
303018,147370
316301,155711
317701,156712
318626,157378
319589,158677
320075,159673
320513,161355
320472,162734
320182,164180
319778,165426
319647,166889
319849,170778
320173,175529
322263,177670
329414,182488
332009,183958
333261,184373
346583,188286
364573,193257
365826,193134
367296,193253
368459,193749
369363,194406
373026,200803
373274,201299
373344,201933
373285,203308
372821,207622
372614,209138
372439,209810
370972,214148
364533,233170
362802,237168
361907,239588
361731,240260
361787,241584
363890,253531
364504,255789
365045,257412
365674,258981
366892,261456
369857,267366
370416,268300
376416,278177
382220,288811
389298,309244
390011,311443
390223,312623
390211,316727
389872,319703
388702,329651
389470,338185
391839,343987
401907,367957
402135,368447
402959,369871
409287,380414
410917,382630
411575,383504
414050,385765
415362,387575
419539,394027
419681,394572
419577,396033
419357,397547
418845,399566
417920,401924
417384,403002
416772,404011
422189,413856
422752,413688
426546,413276
429455,413536
430127,413690
430649,413986
431636,414606
432388,415392
433369,416699
433858,417681
434568,419871
434779,422454
434644,432076
434812,445164
435116,454885
435640,455181
439941,455993
446790,465870
457963,475856
458198,477969
457632,478140
456703,478717
454477,480279
455205,482434
455435,482954
456106,483823
463325,492648
465638,494965
468069,497229
470384,500233
470968,501155
473157,505022
473892,506488
474473,508128
475084,510427
475315,511632
476106,514445
476516,515509
476929,515855
478957,517051
481749,518340
487628,521376
491835,523619
498626,527377
509111,547453
510506,550463
512136,554021
515309,560535
515575,561023
517060,563289
520107,567172
530234,578854
530650,579197
531984,579142
533114,578822
535250,578016
544316,583367
552622,591238
561374,583562
580235,588220
588680,591183
588838,591723
588756,592495
588521,593070
587849,593987
587283,594165
584209,594602
583653,594625
578352,602653
574865,612366
574519,613743
574483,615795
574578,616424
575443,619878
582839,646258
590677,653457
600811,668392
603938,671090
611422,674419
627242,680058
627985,680169
628631,680086
629737,679754
630175,679440
630897,678586
631824,678024
632291,678086
634493,678445
635836,678749
636434,678974
637363,679655
638455,680843
638788,681269
640861,684539
641354,685534
641583,686729
642832,694668
643466,701822
643910,706292
644226,708797
644937,711669
648391,719277
649395,720613
653548,725157
655332,726540
658860,728588
660719,729199
662065,729530
662840,729639
665779,727210
666215,726895
675674,721661
678741,720262
679434,720303
679831,720638
686011,725878
686833,726609
703081,749799
712873,765645
713286,766722
713781,768394
714101,769964
717755,776274
718381,783130
718372,783812
718143,784388
717574,784574
715466,782751
710727,778486
710475,777976
712242,773610
712107,771804
711857,771294
711517,770871
708486,769119
707964,768965
706985,769468
705163,771567
705002,777854
700302,788227
699714,789217
699304,789565
698735,789719
698483,789209
698318,788672
698241,788047
698254,787335
697003,784255
686359,798971
684555,801597
683963,802618
683273,804378
682714,806300
681679,811112
681481,812621
681305,825953
685881,833381
686321,833033
686813,832782
687385,832628
688137,832733
693890,835818
706973,846653
707541,847584
708377,849769
708848,851438
709513,853676
709769,854155
710110,854607
715728,852519
716866,852376
719152,851904
719836,851717
721548,850917
734185,843190
734622,842873
735340,842043
735648,841533
737371,837595
740049,832065
740846,831301
741467,831241
742072,831459
742562,831764
742816,832242
742573,833685
742345,834262
736746,845743
734723,848425
733645,849701
726848,857027
724717,857998
724725,857317
724646,856693
721984,857245
718768,856514
718363,856511
717646,856659
717352,856810
715359,859028
714927,859525
712627,860542
716491,865090
719248,867718
720256,868330
721566,868555
731288,869348
734850,866870
735446,865166
735850,863885
736094,862473
735925,861906
734836,860703
733835,859411
733580,858932
733755,858260
734035,857748
735280,857596
740204,858040
747155,860569
747498,860989
747754,861498
747402,865600
747306,866370
747000,866881
747100,872586
750280,876962
761274,883836
767031,886940
777168,891990
779020,893287
780608,894788
781528,896133
782270,897685
783094,899861
783257,901138
782692,907054
787047,904353
798079,905772
809757,910244
812716,912050
815994,914304
816428,914664
817935,916217
819961,918782
821119,920598
821378,921104
821867,922766
821952,923388
821920,924098
821563,924515
812182,922707
808817,927062
808281,927069
804118,926197
803625,925896
803050,924911
800368,920114
798856,920477
803172,930826
807988,941504
808249,941980
809351,943206
810194,943924
810691,944194
811448,944290
815633,944170
816203,944010
816642,943689
816919,943176
817232,941829
818744,933947
818488,932759
817244,930291
817071,929726
816988,929104
816767,925846
817531,925157
817875,925042
818192,925131
820573,926481
822082,928033
822749,928868
822923,929432
822972,930208
820947,952263
818865,953965
819487,960333
819657,961578
819976,962705
820235,963212
820905,964046
821255,964463
825796,969178
828305,971328
837410,977936
838023,978148
838701,978176
839193,977919
839363,977246
835305,974908
834720,974698
833700,974097
830579,971056
827145,966793
826912,966288
826701,965352
827400,965506
832884,968094
839307,971308
845110,977088
845520,978125
844930,978824
844858,980119
844964,980439
851289,983839
851695,983837
852365,983642
854393,983040
854853,982595
856449,980937
856630,980647
856578,980274
856438,979972
856067,979919
855723,980016
855215,980422
854625,980731
854281,980829
853878,980719
853773,980399
853875,979996
854058,979688
854566,979282
854909,979185
855691,979144
857483,979310
857887,979401
858237,979546
858395,979830
858745,980809
860430,985663
860920,987333
860973,987706
860921,988167
860820,988571
860080,990043
859916,990351
859620,990506
856613,989307
854364,989222
852124,987482
847615,984234
847353,984019
847001,983874
846545,983837
846334,983995
846170,984285
846116,984746
846152,985119
846308,985422
846975,986136
847466,986565
851763,989804
852373,990238
854536,992597
860095,995792
861032,996417
862873,997790
864657,999161
867176,1001302
877023,1010098
880351,1013318
911765,1039552
914559,1041507
915739,1042630
916916,1043784
918689,1045824
922882,1050758
926749,1054600
927428,1055457
928258,1056845
929091,1058263
931417,1063993
931836,1065057
934166,1070755
937605,1079083
937844,1079585
939537,1081679
951759,1093876
964553,1106570
965566,1107867
966645,1109752
968387,1113170
969798,1116330
980425,1133068
994719,1147342
1003362,1158384
1006247,1162320
1009254,1166135
1017169,1174339
1019858,1176355
1025335,1180973
1034926,1191275
1035618,1192125
1037378,1194882
1042721,1205220
1044095,1208675
1045616,1213672
1047958,1217893
1050614,1223999
1051292,1225556
1051955,1227760
1052452,1230823
1052776,1234004
1052925,1237305
1053003,1240018
1052981,1242082
1052649,1245093
1051820,1250835
1050576,1259524
1050368,1264479
1050377,1266544
1050536,1267102
1051305,1268569
1052466,1270384
1053719,1272139
1054999,1273895
1056338,1275591
1058277,1277485
1059619,1279181
1060199,1280088
1061058,1281494
1065079,1289166
1070107,1299631
1071621,1303947
1071781,1304505
1071530,1306779
1071936,1309190
1072095,1309748
1072432,1310156
1088129,1319647
1088728,1319845
1091276,1320607
1091969,1320591
1097295,1329171
1092999,1343031
1094304,1351065
1094364,1352359
1092920,1364924
1092761,1365598
1092016,1368108
1091046,1370366
1090475,1371371
1089285,1373009
1088788,1373245
1088180,1373325
1085958,1373155
1085404,1373329
1084110,1374318
1082902,1375431
1060167,1398931
1059097,1400201
1058825,1400688
1059222,1401066
1059826,1401264
1072010,1404426
1073400,1404425
1074595,1404173
1076968,1402838
1077550,1402696
1079410,1402428
1080105,1402442
1080797,1402580
1081888,1403095
1082286,1403442
1082963,1404288
1087556,1410832
1087695,1410883
1088033,1411321
1090439,1416944
1090794,1418060
1090869,1418677
1090781,1420122
1089859,1424137
1089645,1424718
1088987,1425659
1080916,1430236
1079920,1430739
1078255,1431259
1068229,1433388
1067590,1433466
1063100,1433031
1058309,1433111
1056447,1433347
1053284,1434601
1052315,1435104
1050847,1435871
1049434,1436702
1044509,1440041
1044095,1440371
1043936,1441045
1043507,1443284
1043682,1444551
1044004,1445667
1044196,1446195
1045448,1448657
1052155,1460605
1056774,1476876
1056848,1477494
1057336,1479168
1058770,1482863
1060026,1485355
1061788,1488780
1065907,1496504
1067521,1498694
1067862,1499101
1068604,1499886
1069865,1500929
1070634,1501714
1073080,1504659
1078667,1512255
1079260,1513160
1079765,1514155
1080346,1515736
1081432,1518314
1081685,1518811
1081938,1519279
1084971,1523772
1085312,1524179
1090679,1530225
1091777,1530738
1095342,1532038
1100540,1534782
1100972,1535129
1102313,1536816
1102986,1538337
1104681,1544586
1110332,1558355
1114357,1562028
1117668,1564763
1122902,1568054
1123395,1568340
1132888,1572069
1145626,1579874
1145942,1580279
1146778,1581000
1147793,1581570
1148403,1581794
1155163,1583911
1163481,1586330
1178043,1588506
1178742,1588670
1182933,1590143
1183772,1590831
1184285,1591822
1184363,1592500
1183996,1593756
1182771,1595677
1182557,1596259
1182451,1597703
1182963,1598695
1183281,1599099
1184148,1599818
1185136,1600385
1195644,1604553
1202812,1607134
1212222,1610632
1214524,1611581
1216706,1612591
1220108,1614752
1223066,1617216
1233909,1627175
1240522,1633640
1242296,1634981
1243198,1635635
1243760,1635947
1245903,1637599
1247930,1640141
1261463,1657241
1263028,1659407
1265308,1663793
1267328,1667685
1268392,1670246
1269307,1672928
1270059,1674410
1271135,1675588
1272070,1676241
1274582,1677676
1284324,1682273
1310469,1690388
1311144,1690546
1312671,1690709
1315578,1690881
1317075,1691074
1318953,1691669
1326838,1695003
1328770,1696212
1329179,1696583
1332197,1698289
1339763,1701892
1341435,1702638
1347832,1705126
1348976,1705561
1351589,1706310
1355702,1707249
1360345,1707543
1363168,1707646
1363785,1707556
1366020,1707748
1368018,1708215
1379562,1711693
1397049,1717049
1402664,1718780
1404338,1719489
1408644,1721770
1409778,1722047
1411925,1722142
1412515,1721958
1413456,1721467
1415163,1720147
1417283,1717629
1418079,1716893
1420197,1715234
1421167,1714743
1422815,1714252
1424727,1713915
1426991,1714193
1428490,1714377
1432519,1715300
1433107,1715515
1436137,1717236
1438578,1718741
1446347,1723532
1447702,1724514
1449380,1725927
1450294,1726725
1462557,1742199
1464152,1744348
1464980,1745730
1465747,1747204
1465984,1748371
1465985,1749047
1466724,1749845
1472594,1754106
1486706,1763754
1497720,1769377
1505695,1772669
1519597,1781527
1522942,1783756
1524867,1785653
1526677,1787642
1527034,1788071
1527687,1788898
1528609,1790215
1529027,1791258
1532908,1794067
1543686,1799298
1545964,1800269
1554754,1802893
1556677,1803435
1568344,1807235
1586150,1813320
1592761,1815607
1606404,1820662
1610411,1822288
1616440,1825064
1643005,1833577
1653843,1836848
1654945,1837359
1655782,1838058
1656353,1838974
1657842,1842587
1656767,1844505
1656477,1845000
1656631,1845552
1656960,1845979
1657885,1846615
1668343,1852067
1669417,1852578
1673854,1854557
1675191,1854850
1688199,1857035
1690425,1857316
1700753,1858234
1722963,1862742
1743950,1865985
1771231,1870434
1774069,1871620
1774579,1871919
1776323,1873277
1777293,1874554
1777871,1875468
1779373,1878368
1780039,1879218
1784406,1884719
1785219,1885413
1789250,1888425
1791710,1889862
1792584,1890587
1794066,1892132
1794733,1892983
1795442,1894448
1795976,1895928
1796338,1896465
1797927,1897270
1807645,1900583
1810725,1901577
1812755,1902065
1832486,1905994
1842121,1907356
1845976,1909809
1863338,1920965
1870901,1926916
1873208,1929026
1876117,1931525
1877449,1932546
1879133,1933283
1882399,1934141
1889543,1935105
1891066,1935290
1891692,1935215
1892604,1934642
1893607,1934159
1894765,1933919
1907553,1935284
1938652,1937591
1942393,1938061
1948454,1939525
1949598,1939961
1952535,1941775
1956119,1944436
1980651,1957547
1981254,1957779
1982517,1958149
2011741,1964920
2020563,1966114
2023539,1962086
2024297,1961325
2024738,1961005
2026052,1960939
2030835,1962018
2032336,1962225
2040890,1962152
2043302,1961778
2048599,1960709
2052078,1959935
2052964,1959509
2064711,1952698
2075796,1945928
2077239,1945114
2098278,1936279
2101505,1935163
2112848,1931358
2115039,1930642
2121676,1928582
2122803,1928269
2126435,1927692
2133104,1925690
2135049,1924731
2135988,1924176
2136834,1923499
2137619,1922763
2138779,1921613
2138116,1919561
2138461,1918220
2139058,1917212
2139403,1916798
2150749,1907863
2154003,1905900
2155476,1905171
2166815,1901731
2184985,1897740
2185610,1897657
2192745,1897224
2187576,1895700
2173040,1893040
2171079,1892488
2170534,1892259
2170189,1891837
2169997,1891441
2170153,1890755
2170403,1890189
2173729,1886021
2185819,1876070
2186819,1875601
2191473,1873673
2192073,1873745
2194005,1874296
2194524,1874588
2197511,1877052
2197912,1877410
2201404,1883976
2201631,1884494
2201007,1886313
2199508,1887047
2198227,1888021
2197916,1888527
2197758,1889183
2197899,1889767
2198982,1891649
2199384,1892006
2199902,1892298
2200530,1892245
2207122,1886653
2211388,1883000
2212010,1881150
2212664,1880228
2213291,1880175
2213983,1880336
2218920,1881985
2220447,1882859
2222086,1884318
2222430,1884739
2222512,1885356
2222415,1885948
2221855,1887859
2221512,1888305
2218608,1891601
2216922,1892994
2214452,1894198
2211104,1895153
2209977,1895442
2208290,1895935
2207289,1896404
2206852,1896729
2206570,1897235
2206447,1897983
2206703,1898469
2207136,1898857
2208289,1899312
2209760,1899414
2211764,1899374
2220148,1898609
2233780,1898828
2237727,1899458
2242677,1900515
2244953,1901268
2260251,1907271
2275615,1913109
2276825,1913373
2278836,1913532
2279622,1913576
2280673,1912015
2279719,1909818
2279085,1908943
2278306,1908197
2277815,1907906
2276171,1907256
2275644,1907141
2271617,1906592
2267755,1905933
2267120,1905802
2265935,1905381
2265803,1905076
2266490,1904988
2267020,1904751
2267089,1904190
2266744,1903769
2265878,1903089
2260859,1901300
2259925,1900870
2259217,1900673
2253143,1899823
2249516,1899115
2248456,1899619
2248830,1900008
2249781,1900593
2250328,1900790
2255049,1902070
2256175,1902493
2256864,1903305
2256825,1903864
2256233,1904042
2255568,1903911
2251333,1902829
2249604,1902273
2249057,1902046
2244537,1899765
2240339,1897223
2238614,1895892
2238298,1895439
2237754,1892855
2239120,1888527
2240094,1887344
2240998,1886722
2242305,1886425
2245125,1886568
2245558,1886955
2245644,1887634
2245872,1888152
2246937,1889415
2248117,1890518
2255603,1894298
2256226,1894609
2257263,1894942
2261667,1895892
2262100,1895932
2262510,1895860
2273208,1898808
2276203,1902009
2276553,1902371
2277503,1902924
2282983,1905815
2291527,1907221
2292963,1907103
2299396,1917371
2309148,1925618
2319150,1931649
2324647,1935312
2333638,1941382
2343516,1949123
2344762,1950161
2351114,1955372
2365557,1966128
2373250,1970724
2374208,1971306
2375456,1972312
2380490,1978137
2385147,1983542
2386980,1985549
2388172,1986651
2399720,1995814
2409755,2001027
2412270,2001917
2412254,2001544
2413184,2001381
2413781,2001200
2414536,2001200
2422603,2004718
2423010,2005075
2423245,2005594
2424829,2009480
2426584,2013795
2426698,2014319
2426157,2014404
2425603,2014210
2425195,2013822
2424903,2013368
2424639,2012850
2423202,2009611
2422789,2007699
2422438,2007247
2422002,2006954
2418911,2007918
2418497,2007991
2418365,2008314
2418418,2008723
2418577,2009034
2419401,2010082
2425317,2018175
2431795,2024719
2439027,2031855
2442594,2035285
2444536,2036791
2447735,2039364
2450947,2042280
2467191,2057787
2478042,2068167
2481849,2071654
2482844,2072108
2483801,2071904
2486092,2071125
2489158,2067595
2492307,2057636
2492477,2056008
2492428,2054887
2492308,2054206
2491619,2051649
2490245,2047313
2488592,2042834
2488489,2042526
2488215,2040481
2488060,2038991
2488403,2037853
2491541,2028610
2494962,2019040
2496048,2018897
2496973,2018575
2497585,2018049
2497931,2017628
2499322,2014228
2499956,2012172
2499224,2011300
2483184,1992226
2493532,1972066
2521348,1917808
2524436,1911787
2531212,1898651
2533919,1898453
2551721,1897523
2611259,1894422
2631588,1893312
2651010,1892275
2669265,1891349
2669413,1891335
2670051,1891274
2670377,1890821
2670932,1889718
2671697,1885003
2671749,1884310
2672000,1880720
2671952,1880409
2671625,1879989
2671181,1879637
2670095,1879197
2669175,1879030
2668705,1878743
2668346,1878293
2668087,1876928
2667980,1871321
2668232,1870428
2669894,1865033
2672986,1861908
2673421,1861569
2675332,1856880
2674208,1854216
2672690,1852578
2663744,1848045
2661644,1847319
2657241,1847038
2652641,1846987
2651943,1846964
2650206,1845653
2646126,1842500
2646046,1842160
2645695,1838106
2645907,1837592
2646213,1837136
2645728,1833936
2643908,1828524
2641447,1825092
2637287,1819619
2633372,1816405
2627138,1811341
2626832,1811265
2620201,1810295
2615035,1809616
2614731,1809571
2614233,1809286
2613800,1808559
2610850,1802777
2606720,1802227
2598222,1799512
2584468,1787764
2574931,1777473
2574631,1776958
2567566,1771533
2557958,1768406
2556967,1767867
2556261,1767030
2555885,1766207
2555806,1765868
2555843,1764365
2604719,1761771
2602607,1724828
2601125,1698681
2601175,1698354
2601529,1698406
2607714,1698038
2623197,1697077
2643319,1695756
2681298,1693383
2707002,1691750
2734821,1689944
2768507,1687810
2799704,1685759
2798590,1671404
2798503,1670276
2800088,1668805
2801314,1668065
2805867,1665342
2809693,1663839
2810830,1663695
2811471,1663808
2812555,1664204
2813391,1664901
2814688,1666344
2815576,1667870
2815786,1668043
2828200,1673716
2831542,1673860
2838135,1663733
2842573,1655922
2844669,1649486
2846519,1640950
2846564,1640757
2854909,1634423
2855533,1628812
2855727,1627438
2862235,1611756
2863228,1609722
2864757,1607034
2865393,1606131
2865805,1605712
2866677,1604985
2867215,1604750
2873763,1604095
2876810,1604673
2878203,1604725
2880482,1604550
2885264,1604007
2886340,1603403
2887337,1602251
2888487,1600327
2897595,1580916
2892176,1578746
2897954,1573988
2905022,1564627
2907499,1560155
2907889,1559744
2909646,1558336
2910102,1558015
2914563,1567033
2914733,1567652
2915731,1579007
2915695,1579706
2915273,1580849
2909870,1595400
2909054,1596161
2908531,1597183
2908430,1597825
2908587,1598287
2909608,1600898
2913790,1602977
2914349,1603186
2920796,1605213
2926242,1607951
2930262,1614034
2932196,1617463
2932452,1618013
2933211,1621883
2936743,1633300
2936820,1625433
2936920,1623999
2936986,1623297
2937778,1619526
2938533,1617215
2939057,1616191
2941254,1612213
2943700,1608340
2944322,1607403
2944485,1603775
2944517,1595117
2944690,1585273
2944949,1580242
2945046,1578838
2945175,1578194
2945629,1577079
2946971,1574623
2951418,1569122
2952297,1567686
2952651,1566483
2954708,1553655
2954689,1547946
2954647,1544903
2954870,1542854
2955918,1534073
2956045,1533428
2956270,1532870
2960335,1523071
2965312,1505286
2964076,1501741
2963747,1501420
2963021,1501386
2959220,1502408
2958216,1503001
2956187,1504665
2955580,1505319
2954974,1506355
2954688,1508314
2954597,1509718
2954372,1510277
2951107,1514804
2949744,1515807
2949113,1515828
2946532,1514522
2945718,1513797
2944307,1512044
2944201,1511513
2944772,1504677
2944833,1503974
2946012,1500100
2947590,1497048
2948753,1495141
2949428,1494227
2949884,1493903
2957477,1489734
2958123,1489551
2958737,1489689
2958844,1490220
2958721,1492674
2958430,1493144
2957427,1493737
2955481,1494220
2955890,1494440
2956603,1494315
2957219,1494136
2959621,1493328
2960527,1492647
2965151,1488632
2966281,1487392
2967985,1485149
2968882,1483675
2969742,1480742
2969831,1480036
2970787,1471950
2970613,1471330
2970353,1470780
2969416,1469338
2969076,1468891
2967948,1467687
2958363,1472359
2949930,1476797
2949022,1477445
2947835,1479387
2947278,1480957
2946162,1482353
2945640,1482588
2944997,1482802
2944368,1482823
2943724,1482688
2943649,1482155
2943702,1477836
2940855,1476175
2936403,1473319
2935811,1472354
2935379,1471186
2934933,1468401
2934688,1464109
2934850,1463556
2935398,1463287
2942695,1462885
2943422,1462949
2950017,1448863
2950825,1448127
2953759,1446285
2954469,1446159
2954861,1446538
2954985,1447257
2955240,1447775
2955717,1448082
2957164,1445302
2957453,1445105
2958127,1444361
2958531,1443830
2958876,1443248
2960930,1439734
2961063,1439398
2961080,1438978
2960902,1434548
2959356,1431319
2959210,1429998
2959431,1429439
2959979,1429200
2960455,1429475
2963094,1432583
2963452,1433162
2963569,1435514
2963540,1436412
2963445,1436972
2963139,1437590
2962598,1438000
2961571,1438414
2961430,1438655
2961654,1440388
2961877,1442102
2961984,1442493
2962261,1442373
2963993,1436658
2964104,1435866
2964053,1434042
2963768,1432867
2963453,1431946
2963865,1432064
2962913,1431481
2962231,1430557
2961716,1429491
2960742,1427291
2960564,1426640
2960322,1425264
2959272,1415767
2959194,1414218
2960316,1406244
2960440,1405629
2961825,1401663
2962454,1399987
2963243,1398074
2973762,1377840
2976580,1372943
2981262,1365202
2983392,1362653
2987596,1358226
2988588,1357625
2989910,1357344
2990387,1357013
2996699,1351462
2997080,1351045
3011571,1328225
3016631,1313251
3018794,1306226
3022701,1287083
3022140,1286851
3019002,1285310
3018283,1284393
3018024,1283877
3017844,1283257
3015474,1272182
3015345,1271462
3015415,1270054
3016389,1265690
3016444,1263518
3016185,1262110
3015273,1258314
3014698,1257319
3013672,1255987
3013165,1255687
3012608,1255487
3008971,1254891
3006861,1255257
3006223,1255447
2993425,1241011
2992952,1240739
2990697,1239910
2988312,1239253
2987723,1239140
2985128,1238642
2978226,1239252
2977244,1239856
2968969,1244379
2967917,1244894
2965433,1245642
2964732,1245773
2962396,1245902
2960960,1245818
2959608,1245662
2958417,1245331
2954719,1246765
2951128,1250253
2950372,1251056
2950350,1251757
2950528,1252375
2950949,1252748
2951927,1253322
2952563,1253452
2967103,1249391
2968819,1248685
2970622,1247335
2971462,1246491
2972682,1245578
2973127,1245249
2974174,1244702
2975861,1243998
2977741,1243752
2978457,1243777
2979941,1244651
2980331,1244995
2980511,1245614
2980401,1248773
2980249,1250887
2980014,1252151
2979802,1252712
2979144,1253603
2978322,1254350
2974615,1256966
2972996,1257757
2968836,1259079
2960242,1259138
2944347,1257408
2937485,1255876
