307841,685600
310127,693028
310389,694285
312035,702316
312130,703700
311964,705925
311615,708739
311286,709180
310810,709471
310211,709426
309998,708907
309950,708200
310132,707609
310350,706216
310303,705539
309755,705277
309279,705567
306600,710513
306358,711044
305812,712848
305860,713555
306619,717264
310197,727214
310792,728152
311143,728544
312007,729968
312436,731066
312698,732292
313240,735452
314884,758650
311330,771298
310617,772120
310348,772651
309927,773774
309805,774455
309784,776707
310813,788855
310992,790145
312094,795015
313823,800084
316278,805840
320968,814770
322715,817619
327277,828218
327619,829380
328009,831218
328058,831926
327972,833901
327705,834433
326990,835100
326519,835391
326193,835832
326012,836423
325975,839106
326236,840362
326716,841366
327389,842241
333121,848677
339605,855988
340194,856927
344968,865797
345473,866800
347139,871163
347103,871934
346684,873055
346253,875810
346299,876487
346745,880481
347004,881738
347886,883163
351144,887820
351868,889127
353613,893425
353999,895264
354003,897483
351921,908666
349851,916027
348902,918211
348808,918892
348855,919569
350463,929141
351097,930788
351600,931792
352697,932994
352989,933449
353622,935096
357767,948606
357907,950667
357873,951439
357549,951879
356349,952991
356084,953491
355010,957126
354560,959050
353600,969803
353647,970480
354034,972350
361906,990811
362781,992236
364455,994379
366583,996818
366875,997303
368005,999954
369192,1004730
369394,1006050
369452,1008205
369382,1011783
369204,1012404
368618,1013375
368153,1013665
367516,1013775
366229,1013502
365617,1013488
365295,1013928
367862,1032567
368455,1034955
368873,1036053
369164,1036538
369617,1036834
371274,1037529
373547,1038392
375312,1038991
376887,1039750
379737,1041524
380999,1042523
381677,1043507
383679,1046813
384467,1048303
385537,1051017
389866,1063971
390035,1065137
389501,1066970
387195,1073070
386586,1073055
386458,1072411
386630,1069448
386750,1068767
386704,1068060
386334,1067669
385801,1067436
385167,1067545
382468,1068141
382120,1068581
380916,1070154
381255,1073535
381475,1075533
381602,1076146
382690,1079569
384575,1084912
389427,1097974
391598,1099643
393598,1100053
394210,1100222
395111,1100876
396031,1102270
396843,1103759
397258,1104858
397592,1106020
401317,1126448
400929,1130649
400716,1132010
400996,1133236
403423,1141925
404168,1144155
410978,1153381
414930,1158582
427254,1177353
428182,1179426
428745,1181138
428704,1181755
428470,1182284
427806,1183163
427544,1183693
428303,1187865
428455,1188478
429026,1189419
430883,1191408
432669,1192783
435861,1195665
436592,1196449
440426,1201104
442768,1204100
443052,1204555
444100,1207273
444223,1207886
444187,1208658
443952,1209187
443607,1209626
443513,1210306
443557,1211013
444926,1213446
449629,1219439
451317,1221558
452046,1222342
465973,1235900
473433,1241533
475838,1243054
477932,1244059
478845,1244718
481048,1247076
487826,1254825
491930,1259888
493324,1261555
511531,1279357
515391,1282430
519597,1285190
520198,1285364
520903,1285290
521360,1285005
521762,1284660
524782,1280835
537887,1271527
541995,1268015
543022,1267507
543703,1267620
544251,1267858
544531,1268346
544955,1269418
545138,1270739
545336,1271259
545696,1271685
546243,1271923
546922,1271882
547463,1271659
547949,1271375
552648,1265273
555039,1257203
555140,1256679
554653,1254900
556825,1242617
562614,1226870
563258,1225969
565032,1223883
565438,1223539
565898,1223225
580212,1219140
580977,1219162
581661,1219277
582786,1219695
584216,1220602
584963,1221394
585520,1222341
586166,1223966
586723,1224914
587746,1226164
588295,1226404
590097,1226938
590923,1227180
591935,1227477
592377,1227807
592960,1228724
593300,1229889
592644,1234851
592209,1237565
592271,1238276
592468,1238794
593714,1240597
595176,1242212
595999,1242906
596522,1243153
601173,1242273
601799,1242144
602259,1241863
603393,1240682
604341,1240119
604936,1239986
605731,1240013
606772,1240526
607677,1241164
608475,1241895
608697,1242416
613404,1253545
613579,1254836
613571,1256898
613274,1260194
613013,1261458
612506,1262510
612184,1262974
611292,1263629
610011,1274937
613852,1293738
614074,1294290
614430,1294687
614894,1294991
615574,1295107
616197,1294979
617819,1294349
619928,1293438
623502,1292515
631266,1290957
632314,1291491
633026,1292286
633328,1292745
633721,1294589
633732,1296035
633580,1297483
633780,1298805
633974,1299327
634874,1299997
636996,1300997
638192,1301358
638978,1301384
640738,1300909
641847,1300502
644361,1299223
648150,1298060
664062,1301604
668871,1303797
669849,1304347
671128,1305419
672760,1306858
674664,1308759
675699,1310016
676353,1310876
676706,1311274
677168,1311611
677684,1311855
689803,1315848
690561,1315877
691184,1315753
705641,1313140
742406,1307827
743165,1307860
764831,1311030
766049,1311404
766941,1312023
767615,1312919
768581,1314923
768714,1315539
769143,1316649
769707,1317575
771057,1318535
779975,1321809
780651,1321935
782112,1321912
783821,1321368
784852,1320881
787350,1319602
788763,1318749
794906,1315032
795855,1310637
795211,1309679
794385,1307519
793640,1305267
793509,1304651
793541,1303882
793707,1303298
795611,1298170
795858,1297649
796515,1296761
798093,1296063
799315,1295795
800021,1295769
801458,1295901
801999,1296152
803348,1297115
805277,1296821
811095,1295142
813978,1294272
815806,1293055
818084,1289935
818333,1289414
818555,1285691
820491,1281491
825653,1274316
826048,1273986
842050,1269414
842730,1269359
843354,1269519
844410,1270023
846905,1270665
848372,1270804
848998,1270688
850690,1270153
867945,1262759
868123,1261462
868226,1255369
868653,1223268
868862,1201877
869283,1169779
869440,1159100
869639,1146212
869745,1140759
870159,1108632
871030,1039827
871722,980196
872088,952025
872325,929707
872595,908295
872850,893005
873150,868548
873235,860887
873197,857763
873270,857780
873377,853197
873534,836369
873650,818003
873743,804251
874082,767552
874239,757982
874339,746112
874439,733962
874608,712553
874721,696444
874933,675857
875078,659033
875057,657824
875024,655987
875245,631535
875504,606899
875724,581095
875807,561227
875954,552093
876351,551717
908138,552044
943394,552348
971082,552579
978745,552549
978881,549504
978931,546458
979550,508277
980008,477818
980538,444223
980639,441296
980907,422669
982055,351227
982329,331188
983717,239690
984533,186908
984872,162580
985023,147415
985019,145178
1010652,144831
1034672,144377
1072309,137701
1119650,129257
1144950,125065
1159559,122661
1206511,114648
1228756,114312
1229818,114296
1231697,116276
1231920,116744
1232725,119819
1233076,123313
1236434,129046
1240003,134570
1243456,136637
1245582,137620
1246016,137940
1250921,142887
1252632,145001
1256102,151669
1256692,154802
1256589,155324
1255659,155915
1255409,156432
1256787,164030
1257429,167381
1258172,168173
1258634,168495
1260293,169159
1261620,169502
1262112,169496
1265865,167898
1273276,163173
1281189,155502
1285044,151726
1285689,150819
1286751,148813
1287150,148269
1289372,145926
1290304,145336
1291585,145873
1294359,142863
1300368,137269
1304612,135482
1332994,119183
1342152,112829
1343174,112305
1343799,112171
1345931,112084
1348683,112944
1349208,113177
1351129,115062
1351196,115744
1351415,116276
1352505,118227
1354688,122037
1356521,124754
1356984,125078
1357600,125222
1359964,125237
1363102,125093
1363814,125024
1364978,124691
1365971,124168
1376875,112908
1392609,101906
1393149,101708
1394372,101440
1404722,99353
1408600,100291
1411481,100941
1417849,101853
1419210,101901
1421290,101727
1421917,101594
1422459,101366
1424564,99677
1424962,99320
1425759,98575
1426158,98187
1426470,97734
1427324,97084
1429947,96682
1430630,96645
1431247,96791
1438184,98433
1438805,98613
1439753,99298
1438979,97781
1438019,96447
1419221,78792
1415515,77023
1410928,74143
1410555,73759
1409308,71210
1403245,68901
1393234,65750
1381652,63450
1376898,62769
1374759,62886
1373534,63155
1372510,63647
1371658,64300
1368903,66992
1366592,66918
1365914,66804
1363810,65840
1359634,63822
1353383,60845
1352766,60671
1347519,59673
1346131,59475
1331650,59661
1309886,63388
1308365,63745
1286817,67450
1249920,73725
1229930,77124
1229453,77266
1198644,82547
1189419,84147
1186332,84752
1152512,90583
1123314,95637
1066366,105346
1026381,112166
1014943,105943
1013425,105058
1012611,104338
1011946,103529
1010539,103108
1004104,102600
1003684,102578
1001000,102878
988547,104796
983175,105831
981403,106269
980338,106654
974536,109162
970738,111543
963058,110762
959937,109163
948661,107122
947220,107013
943390,107339
940325,107734
938885,107534
938299,107312
932527,102845
928995,99431
927741,98342
926745,97839
916250,93397
914809,93260
913425,93246
909446,93608
908797,93755
906866,95551
905803,95941
894046,97217
890865,97405
882187,96717
878395,96194
877807,96036
877078,95231
876171,94517
875263,93833
874178,93394
872003,92917
861906,92903
860492,92955
859460,93255
858543,93832
848768,94228
833701,93798
821695,93210
818252,93009
810842,91467
810255,91219
809845,90787
806966,89298
805292,88615
800853,86906
800147,86811
793054,86261
789610,86095
788991,86155
788490,86399
787455,87778
787100,88115
786599,88421
780386,89169
777206,89406
773115,88995
772409,88901
766318,87964
765553,87778
754022,82715
753463,82468
749167,80556
748667,80248
747843,79540
736543,69202
729800,60808
722904,49805
716341,40629
709804,40312
688442,40365
680829,40348
668435,40289
640109,40682
621815,40978
616386,41128
591769,41299
520289,41723
456217,41993
451256,42058
411538,42899
402381,43070
348876,44008
310657,44588
290788,44905
281591,45071
266302,45376
264254,47733
263503,48551
262008,49170
260830,49382
252364,50500
251682,50454
248610,49384
245658,48406
244948,48453
244538,48616
242458,50028
235548,47657
226021,39285
210490,30539
207002,28498
205947,27784
191992,16509
192285,15176
192297,14497
192162,13852
191721,12845
188376,7348
187979,6926
186018,5681
185508,5447
176326,1674
175756,1442
175098,1244
174385,1231
172215,1455
169189,2355
164104,3200
162148,3345
157543,2173
154991,1162
153422,247
153000,43
152316,0
151103,187
137754,2994
136668,3457
133764,4773
127165,7770
123301,9794
122865,10116
122092,11126
119657,14223
116380,17962
116006,18374
93788,32042
88806,34141
80435,34215
75558,31154
60455,33520
54616,32101
51098,29927
38598,23999
37935,23743
34046,24830
26430,27343
22355,29089
21421,29585
18687,32245
17258,33934
16486,34827
10753,39263
9169,39875
8546,39928
2899,38250
3040,39378
2784,44307
2656,46601
1286,50703
1037,52074
251,60891
0,63840
131,70025
261,72805
2742,94751
4024,102318
6415,115940
6779,117815
7088,118980
7710,120597
11725,130075
12292,131013
15738,135468
17187,137086
20201,139452
21366,140586
22105,141395
26625,147048
27757,148925
28237,149960
33118,160828
33315,161378
33566,162606
33466,165579
33717,166808
36255,172532
43113,179462
47788,183996
50027,185618
52598,187444
53649,187964
55520,189196
57361,190430
59233,191694
65206,196494
66365,197628
67526,198825
79642,214573
80290,215447
82515,218554
84652,221695
93786,236928
98830,246182
104841,258122
110314,269925
111538,273190
112515,275227
119934,288470
121931,291284
124219,294915
136675,315011
137541,316433
138986,319505
141882,324907
142940,326880
143998,328852
148649,338922
149775,343023
150298,344735
151076,346222
152080,347486
154688,349625
156792,350637
157914,351064
158895,351650
160658,352951
162781,355507
164476,358355
167185,364659
169309,370055
170050,372285
171853,379482
172307,382739
172619,386125
173241,389192
173433,389742
173932,390776
175673,394301
176256,395239
177200,396567
178647,398188
179315,399062
180144,400455
184732,409476
186675,415773
187380,418776
187673,420711
187448,423681
187521,425068
187899,426908
188723,429104
190399,432538
191256,433962
209793,462297
223283,480426
231726,491061
235012,494664
235673,495539
239781,501616
240406,503233
240730,504395
241068,507038
241440,508878
242441,512457
242847,513524
248885,521674
250618,523751
251709,525570
252199,526573
252671,527916
252635,528657
252267,529871
251507,531466
251174,531908
250657,532941
250647,533558
251004,533948
260575,542181
266360,547195
267543,548302
269652,550616
286565,570429
297130,587187
298001,588612
300686,593471
311129,617419
312558,624840
312868,626835
313093,628832
313159,630218
313110,630766
312927,632826
313454,635912
314687,644602
314734,645309
314672,652555
314635,653326
314415,654688
313681,657112
312924,658705
312351,659676
308136,666295
307476,667207
307039,666880
305500,662822
305624,660075
305795,658005
305224,653859
304590,653661
304201,654041
303687,655073
302012,663659
301929,668871
302024,670256
302156,670868
304530,678263
305574,680977
306713,682950
307010,683404
