1010744,720786
1011928,718901
1013483,717414
1015348,716232
1016202,715549
1017361,714433
1018915,712884
1032074,699343
1032378,698879
1032403,698140
1032027,693252
1030755,691509
1030536,690957
1030250,689728
1030244,688990
1030442,686866
1030765,684895
1031093,683693
1032237,680946
1033326,678999
1034446,677052
1035838,674641
1037958,671333
1039053,670124
1040543,668543
1042881,665570
1045903,660130
1050308,651601
1049412,647270
1049137,643765
1049094,642319
1049204,640872
1049438,639578
1049765,638375
1050246,637294
1050820,636336
1051820,635065
1052851,633764
1054123,632312
1055209,630020
1055312,627803
1055110,625744
1054823,624515
1053665,621910
1053379,620713
1053041,617270
1053058,615762
1053620,610126
1054094,608307
1054815,606731
1055845,605460
1057153,604463
1058253,604053
1059476,603765
1060764,603999
1062121,604940
1063199,605422
1063872,605354
1064421,605134
1065273,604449
1067309,602676
1068068,601930
1072589,597270
1073223,596372
1073309,595694
1073203,594310
1072561,591177
1072030,590167
1071044,589622
1070733,589164
1070514,588643
1070273,585875
1072130,584688
1078844,582221
1079455,582061
1080894,582016
1082123,582342
1086854,583710
1094245,581572
1100960,579162
1102359,578255
1113996,566492
1114297,566057
1115015,564448
1116233,561048
1117203,557404
1117464,556108
1119964,538867
1119985,538097
1119787,536806
1119406,535640
1118434,533557
1118479,532202
1124670,501828
1132117,490466
1132841,489656
1134474,488220
1138351,485245
1141513,483850
1143312,483396
1146308,483389
1151595,483074
1152297,483004
1153455,482650
1156224,481628
1157227,481122
1159644,478872
1161927,475761
1162402,474707
1162577,474088
1163931,456570
1161668,445232
1160925,444472
1160612,443983
1160472,442629
1160220,439860
1160240,439089
1161763,425542
1162503,421650
1162914,420504
1163213,420069
1164152,419470
1164698,419247
1166462,418729
1170721,417652
1178324,416597
1178583,416491
1179912,415516
1184405,411598
1184971,410634
1185536,409639
1186245,408057
1186501,406759
1186430,406051
1186208,405530
1185614,404584
1184948,402898
1185203,401600
1191268,372905
1193942,362476
1195014,358883
1195566,357148
1196682,354418
1197952,351839
1199624,349623
1201656,347063
1205031,342754
1208014,338759
1211172,334359
1211877,332775
1212365,330948
1212419,330467
1217778,324813
1218248,323757
1218500,322458
1218463,320238
1218390,319561
1221838,310960
1230324,298074
1240099,287875
1241655,286366
1242915,285325
1243524,285314
1244226,285424
1245450,285741
1251363,287669
1253049,288285
1254460,288815
1255871,289344
1258783,290308
1259945,290533
1260644,290458
1263272,289298
1266942,286822
1267393,286504
1278539,278482
1283295,274036
1285874,272010
1287287,271086
1287894,270951
1289448,270982
1290753,270770
1292385,270090
1293379,269576
1308962,260056
1309739,259330
1309971,258769
1312310,252606
1312712,251454
1312727,250713
1311967,243564
1311279,242714
1307245,239062
1306111,238653
1305964,231677
1308383,223813
1310263,216423
1311004,207080
1310720,206592
1310271,205520
1308789,201661
1308624,201047
1308640,200429
1311393,191443
1311624,190913
1312659,189624
1311124,183389
1301092,177494
1300488,176272
1297092,169553
1293887,167369
1291511,166857
1288034,166229
1286530,166053
1283106,165718
1275788,165534
1275029,165520
1266692,165880
1265996,165956
1259195,161344
1260214,159287
1261393,153244
1261638,151943
1261651,149659
1258518,136146
1249863,99267
1246999,86986
1246725,85511
1227256,58540
1211466,36709
1197462,17449
1196388,15867
1166303,16284
1156473,27043
1156149,27481
1156072,28191
1156293,28711
1156692,29104
1156914,29654
1156895,30240
1156572,30709
1151188,37836
1150649,38061
1142647,39040
1139172,38641
1137783,38481
1137265,38213
1136867,37851
1137037,37232
1137745,36387
1137435,35930
1136830,35787
1136138,35861
1130713,37622
1118182,43294
1115641,44570
1104514,55168
1104189,55604
1102304,58345
1102011,58812
1091083,65641
1086917,67278
1084882,68326
1083166,70447
1079263,75526
1079030,76053
1078947,76577
1079405,76909
1080706,77135
1081163,77467
1081022,78054
1080304,80436
1080041,80964
1074609,86865
1071101,90428
1067875,89709
1061250,89557
1040181,84656
1021925,79457
1009109,72301
1002436,68940
1001375,68461
969969,59735
965680,58615
962599,57820
958618,57249
954912,57044
949074,57292
942544,57608
940407,57722
938241,57868
935474,58142
933460,58409
930936,58926
926155,59497
923326,59678
919624,59776
916553,59744
913632,59587
909957,59376
907788,59211
902274,58524
899740,57901
899226,57659
895851,57167
894465,56994
890159,56786
885255,56889
882488,57158
880414,57390
873886,58531
868219,60469
862065,62452
854347,64875
852033,65322
848726,65898
843283,66520
840667,66937
828492,69259
824103,70208
822870,70492
820198,71614
818728,72421
802881,81328
799701,83495
797451,85104
796611,85754
790468,92174
771162,114841
764762,122461
763352,122244
741851,120932
721530,119570
708113,118275
702883,117953
699372,117736
697037,117712
695694,117833
694217,117743
676160,112229
659345,107073
658953,106520
657688,104001
656423,101482
655519,100007
654074,98379
653231,97703
648443,94076
647510,93431
646155,92509
645614,92293
643386,91555
641338,91308
638477,91521
636640,91949
636098,92164
631702,91023
625175,85240
618562,78841
614696,76704
612998,76528
611945,76034
602779,69719
601608,68579
600978,67718
600829,67226
600709,67164
592199,65239
567451,61632
520164,89418
516072,88629
502742,86466
494946,95577
488738,100794
481959,100697
473611,100573
471683,100468
458001,88107
455565,83540
454616,81566
444412,61907
444143,61597
433256,49980
416925,32742
413218,30463
402066,23899
401826,23897
396985,23910
385625,26284
370971,21636
367140,20056
357743,16165
338957,8373
334324,6223
322625,0
320241,473
302719,4605
302535,4818
300142,10416
294363,14982
286323,15545
263018,16639
254748,16211
250704,11160
222477,17288
207439,20545
205505,20881
181000,43244
169565,43528
169611,44299
169410,51938
168980,66078
168656,76762
164519,96749
161408,101716
147458,123901
142978,127271
114861,147710
115048,156995
115187,178738
114055,182509
111711,194399
115213,205318
115246,206428
115234,209141
109142,215228
110561,225738
114574,227229
114978,228408
116606,234233
107321,240333
103931,244521
103277,245404
98399,254568
92627,269329
106935,289535
116124,302488
118241,303355
120597,304126
119744,308159
119750,309639
119877,313002
119978,314237
120090,314855
120746,315729
121651,316237
124522,328831
122694,334474
122192,335360
121507,336243
121255,336763
121152,337470
121426,339386
121989,340351
125396,344567
129770,349383
130799,349893
132006,350652
132166,352103
132717,363763
127849,378729
125669,383566
125206,383867
122931,382969
121902,382460
119875,381287
118548,380311
116161,378794
115616,378538
114946,378435
114243,378486
113691,378662
108813,382192
108501,382619
102186,397658
108893,406181
110317,406943
111378,407453
112439,407962
112861,408308
113210,409454
113238,411613
112697,415026
112210,416899
105401,432458
104643,434018
104300,434476
98965,441455
95204,445406
94746,445368
93776,444798
92652,444349
90670,443948
89906,443905
89293,444019
76287,448256
75480,448983
75167,449441
74317,450939
73769,452719
73666,453427
73673,454877
74310,457201
75967,460774
77093,463136
71934,468144
55617,483405
52242,489491
52252,490818
52570,491965
53343,493458
54167,495631
54785,497276
54898,497895
54727,504896
50678,516867
46484,528342
36504,530995
34564,531428
32392,529110
25517,529309
15369,530659
13268,531551
12661,532992
11907,536006
7338,560540
7038,563260
7389,568970
8195,584266
8149,587230
7737,589413
7808,589386
8474,590075
8794,591253
8254,594363
7559,597595
6991,598574
4905,600302
4246,601188
3992,601708
2701,609748
2556,611197
2627,612588
4509,620366
5080,621301
5806,622114
6106,622582
6998,624695
7256,625934
6961,627195
5820,631562
4203,636849
1979,647963
0,659236
269,661926
1089,663848
4846,669155
5147,669622
5355,670181
5428,671540
5376,673052
4810,680423
4093,686880
4002,687575
4410,693756
7598,731804
8381,745151
5117,749586
2206,765079
2321,765697
2530,766225
2896,766631
4606,767980
4971,768386
5274,768853
5599,769999
6109,786183
5860,796584
5171,807751
4878,809014
1772,818393
896,820882
784,830521
16103,828838
18793,828560
24695,828133
29079,828120
33334,828599
35057,829204
36444,829405
39405,829622
43169,829725
44620,829710
67433,829027
75085,826022
74625,825709
73301,822519
73184,821901
76719,811267
77063,810839
81413,807770
84145,805980
84702,805770
85319,805807
85684,806212
85895,806738
85858,807354
85101,808919
84619,810795
84520,811472
85002,812495
85462,812808
86076,812999
90288,814245
90906,814128
104426,809548
110940,805514
111951,804995
117425,804284
121862,804358
125310,804731
126570,805021
127029,805333
127395,805738
127145,806105
113269,813150
92090,822064
91533,822274
88327,822118
80620,821700
80005,821540
75961,821899
75464,822171
75212,822693
75422,823219
77580,826356
78195,826547
81404,826519
91431,826281
94948,826162
109107,825655
115034,824941
125884,825107
138241,825592
142061,825781
152557,827170
176282,830920
178772,831564
183637,831936
185084,832071
186990,832549
188188,832898
189387,833277
191473,834280
193404,835435
194718,836407
198621,837940
201260,839193
203006,840500
220280,853501
221964,854898
225178,857754
225973,858467
239465,871706
247839,881702
253489,889156
262712,902107
262641,903614
262840,906353
263141,907494
269091,917314
272740,920504
273355,920692
273941,920573
298975,913427
299438,913153
302094,912060
302711,911941
303233,912190
308546,915325
308914,915727
309189,916190
309614,917268
309947,918439
309939,919853
309598,920313
309073,920495
308456,920614
295446,921804
286334,920091
284116,919925
278013,920074
277334,920131
276778,920313
276376,920679
274449,923314
274169,923835
274038,925126
274575,928083
274788,928638
281743,936060
282788,936589
294507,941145
295278,941180
300612,940808
306690,939826
307805,938663
308457,937805
309144,936148
309332,935565
309366,934827
309343,933381
309196,932089
309419,930737
309821,930370
313562,928145
323162,924812
323778,924846
324238,925156
324144,925525
322097,928097
313076,938537
303369,944206
291450,947802
293575,965807
293695,966423
293970,966885
294400,967195
299057,967065
301956,966896
302513,966683
302822,966408
302988,964225
303114,963549
303485,963490
303945,963800
307626,967755
307901,968217
307805,968770
305219,974324
303567,971578
303199,971177
301603,969754
301080,969505
299015,969310
297597,969180
296887,969207
296021,969849
295771,970370
295614,970985
295608,972245
303061,992919
306655,1002470
306777,1002778
308058,1005921
310934,1011285
315615,1019886
317086,1022137
317730,1023001
318743,1024235
319818,1025439
327035,1033403
334501,1041058
349081,1053074
356007,1057619
357054,1058114
370057,1063478
375204,1065186
375976,1065219
376500,1065159
382767,1064104
387527,1061569
389561,1052694
390939,1046336
392609,1044928
399818,1047471
400342,1047719
398980,1049374
396224,1052715
395512,1053512
394646,1054154
393719,1054704
391795,1058140
390924,1060350
390737,1060964
390643,1061640
390826,1062163
391195,1062564
391719,1062811
392397,1062936
393908,1063003
396037,1062948
398012,1062739
408630,1060927
418473,1059850
427450,1059384
433679,1059524
439448,1059232
440743,1059051
440991,1058560
440236,1052782
440114,1052167
439899,1051644
437840,1049181
437564,1048719
437442,1048135
437260,1046844
436664,1039407
444494,1028645
445018,1028616
445387,1028986
446028,1031291
446272,1032521
445589,1034147
444939,1035006
443668,1037583
442922,1039947
442702,1041298
442446,1044984
442787,1055861
443278,1056845
443647,1057246
444971,1058232
445649,1058326
451847,1058342
457895,1057066
458149,1053841
456402,1049690
454380,1044462
453248,1041141
447224,1010987
449077,1009886
448796,1011145
448885,1012497
454952,1037613
459790,1051357
460342,1052280
460866,1052527
470420,1054454
474551,1054740
475322,1054772
475939,1054651
476865,1054100
477205,1053670
477453,1053149
477485,1052565
477271,1052012
476441,1050628
475612,1049213
474568,1047275
473340,1044815
472390,1042724
464697,1024090
464084,1022491
463657,1020739
470605,1015411
470975,1015504
474855,1016834
475856,1018256
476280,1018718
478570,1022925
479244,1024463
479366,1025077
477821,1026732
475098,1031334
475156,1032686
476773,1040000
477079,1041168
479286,1047009
479655,1047379
482830,1047570
491932,1044241
492950,1043690
493351,1043353
494033,1041727
494591,1039946
494716,1039271
494302,1031038
493597,1028825
492185,1026488
491539,1025627
490739,1024888
490309,1024580
488769,1023808
487045,1023190
485998,1022696
485137,1022049
484122,1020788
481801,1017041
481617,1016746
481084,1015344
482755,1012276
483340,1012462
494712,1026309
501232,1033356
504991,1034009
524376,1034873
530142,1033286
530697,1033072
531407,1032274
533506,1029821
533631,1029145
533447,1028623
533139,1028162
532708,1027823
532001,1027054
531786,1026501
532196,1020575
532691,1019531
533340,1018672
535375,1017724
535851,1017614
534323,1020363
534075,1020885
533704,1022082
533635,1026443
534175,1035903
534544,1036149
537038,1037627
549177,1040746
549855,1040870
551889,1040750
555033,1040232
560028,1038427
588198,1034833
598829,1034934
614883,1035836
616393,1035867
617687,1035653
618211,1035408
618612,1035039
625363,1026691
625579,1026169
625672,1025463
620657,1012165
620442,1011643
619518,1010261
618779,1009523
618317,1009216
616070,1006912
615393,1006082
614501,1004731
614501,1004270
615860,1002650
616197,1001108
623740,1006701
630268,1012876
638799,1018006
641602,1018406
642280,1018498
643728,1018437
644868,1018069
645546,1017240
645885,1015275
645516,1014139
644992,1013095
644777,1011805
645178,1010086
646718,1007077
647427,1006248
648567,1005143
649552,1004621
650230,1004560
650785,1004775
651216,1005082
651327,1005192
651616,1005481
651585,1006065
651347,1006176
651708,1006310
652910,1006372
653988,1005942
654973,1005389
655897,1004806
656267,1004407
656513,1003885
656667,1003271
656514,1002749
655898,1001766
655528,1001367
654697,1000016
654389,998818
654450,997437
654697,996915
661318,988348
665229,983220
675541,968511
676156,967621
677172,964427
679139,952605
679231,951929
679077,951315
678707,950947
678122,950026
677907,948736
678060,946618
678552,943301
681071,930281
681225,929667
681932,928101
683162,926320
684331,925122
684792,924814
686391,923401
686699,922941
687252,921958
687897,919470
687743,918119
687312,917075
686419,915694
685650,914865
683311,912625
680048,905410
681183,894018
681428,892758
681643,892206
681951,891776
688805,885724
689266,885417
690342,884986
691787,884924
692464,885016
704477,873217
721247,858064
733370,843770
736405,839099
736712,838669
737879,838298
738616,838297
741536,838478
742120,838661
743502,838813
744178,838750
744639,838443
744945,838012
746906,833863
748335,829977
754606,827157
762242,819619
767028,816785
768993,816505
774887,817000
778765,803924
783398,788618
784405,785975
793162,788810
794295,787763
817448,768072
825162,761598
825408,761812
826364,763130
826889,764111
827694,766320
827734,769269
827925,771327
828080,771941
828513,773014
829625,774915
830764,776048
831687,776690
833255,777392
836756,777749
863711,777283
868807,761379
874863,756162
875052,757452
875422,757819
876499,758306
888094,763541
897719,766940
898949,767272
899472,767516
900396,768126
901354,769504
902316,771559
902533,772111
904153,777143
904435,778340
904388,781383
904578,782673
906831,784967
910776,787930
911300,788142
912744,788259
914188,788190
917565,787805
919077,787834
919686,788041
920456,788830
922403,790825
925463,794590
925989,795417
926268,795877
926704,796950
926745,799163
926111,801563
925934,802917
925709,807313
925777,808757
925903,809371
927472,816063
927911,817875
928255,819041
929936,823459
930402,824501
930681,824992
931515,825664
932038,825907
933331,826147
937850,826156
938988,826089
939602,825963
940124,825745
947290,826139
947966,826105
955403,825237
958903,824235
959455,824017
960375,823428
960772,823057
962699,821171
963402,820368
963425,818831
963541,817570
963629,816862
965801,809103
966044,808579
966901,807898
967974,807462
970033,807266
973539,807492
974153,807335
974612,807055
975010,806684
979069,801526
979374,801063
979859,800015
981674,794962
981855,794346
982274,792468
982688,789821
982736,787546
982361,786410
982081,785951
980042,784180
979580,783875
978898,783018
979075,781664
981625,776545
982477,775125
988003,769372
988921,768782
995016,765761
1001327,762983
1001786,762703
1012940,753617
1014931,748344
1005166,735341
1004764,734975
1004240,734732
1003564,734645
1002183,734777
1001415,734752
1000800,734602
1000368,734297
1000149,733745
1000145,733130
1000387,732606
1000784,732234
1001762,731643
1005621,730202
