1298731,1212370
1289948,1212552
1287470,1213094
1282826,1213752
1282188,1213556
1281736,1213239
1281470,1212772
1278807,1209949
1277452,1209001
1276845,1208836
1261870,1207655
1261168,1207735
1259454,1208138
1258290,1208488
1256724,1209233
1253340,1211212
1247614,1214693
1236287,1220149
1233990,1220944
1228942,1222403
1227690,1222691
1217070,1224187
1214459,1223807
1209047,1221442
1206356,1220230
1205905,1219915
1205063,1219193
1204017,1217945
1203393,1216980
1202921,1215987
1201639,1214180
1199002,1211429
1198190,1210709
1196352,1209449
1194962,1208658
1189542,1212890
1184034,1217030
1184027,1213272
1184127,1206373
1184459,1191807
1184794,1172621
1185302,1142687
1185563,1125810
1185708,1112782
1185979,1099435
1186026,1093596
1186204,1086915
1186782,1084797
1187596,1083267
1188310,1082445
1189887,1080956
1191645,1065793
1190591,1064547
1190292,1064081
1189847,1062997
1188830,1058129
1192225,1054064
1195794,1049920
1199269,1041888
1194087,1042351
1192678,1042487
1191571,1042905
1190646,1043509
1185015,1048674
1169909,1061205
1162767,1065552
1158516,1068210
1149111,1078042
1148460,1078958
1147707,1080550
1147077,1082205
1146766,1082663
1146364,1083058
1145100,1084090
1144085,1084693
1143011,1085112
1131398,1088608
1130325,1089026
1129834,1089328
1128660,1090454
1128069,1091432
1127502,1093026
1126281,1095690
1125350,1097033
1124918,1097398
1112824,1103631
1112274,1103840
1104669,1104586
1094665,1104508
1074598,1104327
1042951,1104017
1037586,1103967
1034172,1103936
1029568,1103925
1019511,1103836
1014909,1103704
1014912,1103396
1016877,1098247
1018823,1091530
1018920,1091008
1018864,1090331
1017385,1084998
1016552,1082747
1016071,1081759
1015740,1081294
1014466,1080269
1011277,1078797
1010030,1078479
1008419,1077728
1006992,1076856
1006630,1076453
1005786,1075155
1005921,1073680
1006078,1073066
1006768,1070643
1007266,1069509
1007612,1068282
1007969,1065548
1007852,1064933
1003075,1051858
1002195,1051144
995541,1047157
994384,1046749
991612,1045928
969150,1041616
955654,1037868
943479,1037637
941159,1037684
928100,1037452
904178,1036952
903446,1036917
904096,1035477
905082,1033361
905697,1032381
906464,1031648
908670,1030000
912932,1026581
923518,1016437
929856,1007838
931093,1005202
931688,1002686
931880,1001304
931919,999768
931923,998999
931597,997092
930592,991309
930201,990170
926714,985173
925955,984400
924981,983780
920652,981913
920195,981604
919404,980801
919101,980338
912948,970627
911765,968747
910831,965915
910713,965300
909625,962591
908412,960711
907744,959847
906921,959167
905458,958269
902712,957150
900269,956462
899567,956367
898191,956514
896358,955983
895444,955365
888688,948329
888172,947313
882003,931004
873889,925227
868519,921366
867911,920442
867699,919889
867459,918659
867015,914602
865354,908667
861423,895321
860786,893722
855708,883721
855036,882859
854578,882550
849108,879522
848036,879027
844978,878188
843387,877477
842929,877168
842533,876768
841740,875291
840106,868590
840295,867239
840633,866779
841184,866566
841858,866660
845069,868113
845683,868269
846356,868210
846939,867996
847399,867691
848167,866956
849152,865607
850013,864166
850168,863553
850293,862877
850517,859960
850306,858669
849943,857501
849333,856577
848570,855776
848141,855468
847071,855004
844009,854165
837153,851719
835531,850977
834248,849960
833881,849560
833270,848637
832725,846946
831840,845530
831167,844669
824137,837771
819551,833920
817101,832502
816214,831855
815848,831485
815634,830932
815544,830256
815669,829550
815944,829120
816437,828814
817050,828662
818130,828874
818887,829189
819592,829283
820266,829223
821279,828703
821709,828336
824546,821432
824701,820818
824733,820050
824612,819436
824155,818360
824359,810129
844420,807663
845126,807603
845739,807482
847367,806842
848226,806169
849335,804974
849581,804422
849830,803133
847707,795140
841781,785817
841413,785448
839440,784012
838945,779390
844001,758763
845142,756862
852655,748866
862040,741551
862963,740878
886676,724927
888479,723817
890476,723548
893548,723404
895422,723718
896958,723631
903567,722733
906337,721207
907571,720013
909763,717103
911525,714190
913877,709560
914320,706335
914639,703141
914338,701450
909257,686654
903818,677143
903209,675328
902753,673483
902302,670410
903612,665068
905005,662001
913395,646422
918735,641002
922533,637113
929119,628257
931972,621907
932286,620679
934325,609656
934267,608365
933872,607196
933414,606211
932801,605287
931946,603072
931951,601597
932110,600215
932422,598987
937089,585146
939330,568684
944523,563386
951779,559446
955111,558137
970571,551923
986199,543222
993345,537133
994088,536368
994800,535510
995359,534528
995831,531917
995843,528936
996063,527615
997550,525930
1003111,523339
1005811,522924
1008229,523667
1011067,523463
1013138,522549
1024914,515987
1036182,507056
1050175,496676
1052457,495875
1067442,493670
1069719,494004
1077521,495737
1078818,495805
1108035,487269
1118253,482027
1119284,481584
1131734,479295
1142636,479844
1144025,480005
1146489,482049
1154765,482217
1156095,482040
1164636,471431
1164968,470296
1165227,467651
1168504,461665
1169066,460652
1169905,459980
1171796,458758
1175673,456562
1176757,456106
1178054,456175
1191993,457329
1192698,458195
1196947,461668
1206327,459966
1210207,457216
1212693,455136
1213779,454680
1215202,454535
1225962,455306
1226794,455989
1228478,458864
1228780,460098
1228864,461547
1228669,462932
1227728,465083
1227442,466314
1227808,467302
1228977,468480
1233436,472513
1239451,477069
1240283,477191
1259138,478040
1259820,477983
1260156,477842
1260906,477527
1263641,475665
1264732,474439
1265921,472567
1266735,471062
1267488,469526
1266767,466677
1266814,463634
1263895,460440
1262664,459353
1259675,457423
1257486,455930
1248742,448695
1248004,447920
1246933,445910
1246232,444365
1245836,443223
1245137,440907
1244257,438005
1243799,436924
1242301,433865
1242025,433401
1241012,432070
1236279,426127
1235911,425724
1226268,417876
1224200,416848
1222994,416533
1220828,416645
1217666,417737
1216269,418654
1215492,419389
1214559,420000
1208818,423419
1206740,424363
1206120,424514
1204728,424629
1204047,424564
1203335,424468
1201513,423996
1194544,421070
1181606,415488
1187434,406433
1192453,398851
1199372,388291
1212684,367934
1216613,361884
1255316,302249
1252649,295088
1251124,296685
1249916,296526
1248900,295965
1241820,290639
1240833,289649
1240283,288348
1239611,285976
1238939,282431
1238541,281382
1237646,280300
1230788,274360
1229786,273754
1228654,273305
1226147,272895
1224887,272991
1223759,273287
1222773,273864
1221749,274605
1219877,275522
1199999,272958
1198545,272276
1197463,271533
1190923,263659
1190308,262456
1189939,261100
1189886,258575
1189426,257311
1168067,243269
1167015,242897
1165867,243171
1154147,248986
1140235,252672
1130531,258030
1111623,257087
1110759,255854
1106258,249567
1104899,248794
1094140,244061
1092996,243905
1087271,244199
1076969,243344
1075826,242419
1075307,239681
1075468,236975
1075377,235836
1074854,234451
1073772,234234
1071108,235581
1061966,243003
1060942,243985
1054425,253381
1052773,259189
1052524,260172
1051379,260415
1047730,259867
1042598,259012
1041548,258579
1032291,263017
1014738,273063
1006732,272216
1004570,271751
1002593,270825
989896,266651
975002,262843
973797,262841
964024,266450
950385,271650
948406,272261
941914,273756
939637,267915
936679,262472
935970,261488
934980,261487
931580,262157
928457,263136
920584,258793
917157,256085
916325,255100
915647,253041
913957,245789
913959,244622
914795,243578
916031,243795
917051,243796
918164,243429
918998,242447
920177,239868
922285,234433
922441,233204
919101,209883
918515,208654
914103,201030
907771,196324
906721,195923
905576,196629
902296,200619
896699,203654
895493,203960
894443,203560
882549,197406
874301,191901
872418,189841
874713,179462
875827,177497
878302,176147
879445,175073
879570,174091
879262,173046
875834,168191
871049,161676
868515,158849
867993,155378
867162,149081
867008,148098
856720,138848
855669,138233
849580,137953
845592,138627
844849,139609
835702,136964
834991,135827
832337,130145
809005,115120
794510,111339
793367,110879
792378,110141
791296,109066
790463,107930
789258,105596
786198,99362
788270,95893
790095,90888
785367,86036
782493,82934
779959,74613
777828,66506
776469,60371
775820,59321
773842,56588
755699,42709
750073,38932
747848,41112
746643,41818
739038,37120
738574,35892
738019,33405
737895,30979
737432,28554
736350,25974
735732,24777
734310,22566
732238,19926
731219,19097
730168,18636
728932,18698
727818,19005
726676,19527
724078,21430
722626,22259
721266,22198
714094,19158
712951,18390
712024,17347
710788,15382
704019,10131
692057,2026
690882,1350
689614,767
685039,0
683958,0
682907,675
682443,1750
682289,4083
681764,6294
681144,7491
680372,8474
679136,9702
678178,10132
677158,10285
675777,10153
674592,9763
672429,11421
668101,13110
666865,13386
659786,14768
658426,14614
653913,13018
652089,11821
649556,9702
648411,9303
647051,9088
638767,8167
637437,8321
636522,8563
636713,15113
636727,15598
636789,15905
637120,16152
637767,16259
642353,16365
643032,16426
643620,16611
652368,21584
653110,22352
653604,23334
654686,26773
655306,29137
656479,33896
656418,35432
656542,36015
658057,38993
659972,42217
660838,43599
663064,45932
665908,48112
667669,47774
668350,47712
668937,47866
669401,48204
677189,54344
679013,57783
679230,58335
679291,59011
679137,65029
679046,65704
678489,66687
678086,67055
676694,67938
675551,68406
674862,69062
673822,77279
677099,86582
682249,102640
682358,103229
682243,104415
670238,104974
669033,104667
666809,103838
665974,103163
664459,101628
661646,98527
658342,111270
656983,116520
655036,124043
652597,133807
644815,163868
644198,166110
643136,167390
640972,168491
636624,172988
626344,185336
619487,193507
597688,219434
586945,232123
550298,259702
521771,280948
494668,290334
479230,295674
459129,302622
435168,310874
395736,324458
393981,324996
388758,326812
388233,327121
381191,332976
369984,344664
369275,345466
368967,345928
368138,347437
365464,352426
360199,358991
359830,359331
357238,361184
353414,363410
351287,365108
350085,366188
349224,367605
348766,369514
349203,370589
350073,371969
350818,372767
351374,373011
351808,373317
352615,374052
353357,374819
353637,375279
354230,376999
354235,378444
354082,379029
353653,380168
352853,380909
347247,386064
346721,386281
346104,386406
345332,386378
344806,386134
344588,385888
344875,379429
344900,377922
344557,376755
344059,375772
343749,375281
343376,374913
342479,374271
341364,373844
339819,373788
339138,373851
337255,374258
335466,375494
334513,376851
333841,379252
332257,385440
331983,386733
331803,388117
331836,388794
332152,390700
332281,392083
332252,392852
331717,398544
331596,399221
329896,407471
329043,410488
328369,412152
327359,414247
326806,415141
326328,415730
321267,420916
314073,429835
313062,431962
311875,436182
311452,438091
311396,439598
311559,441659
311481,444705
311215,447598
310609,450092
302419,469604
301655,471177
300641,472474
300210,472814
299683,473073
298656,473577
298627,477252
298792,479498
299012,480512
300211,485490
300675,485796
301102,485928
301263,485977
301169,492008
299786,499676
299516,500970
299240,501494
298965,501926
297766,503040
297274,503350
294701,504355
293946,504537
292249,505099
288243,506505
285624,507657
282886,509457
281071,510728
278394,512620
277689,513270
276184,514694
272873,519082
271741,521058
271529,521583
271409,522261
271328,524539
271525,526630
271652,527214
270468,535900
261337,547466
258544,550068
256536,551585
255862,550731
254997,550068
253134,548831
251277,547653
250717,547438
242190,546661
239967,546521
236822,546690
231416,546945
230271,546675
221908,538169
214322,530427
213575,529662
212982,528711
212761,528158
212602,527543
212246,524958
205287,509357
204847,508282
204338,505821
204451,504372
204695,503847
202340,497794
193822,490208
192456,489231
191431,488683
189974,488107
188522,488116
187349,488462
184696,489619
184270,490731
183410,491414
182854,491602
175724,493528
174456,493782
173095,493730
171765,493461
170648,493068
151179,481732
148756,480269
147482,479229
144489,476074
144208,475614
142650,474021
141748,473380
135874,472006
132121,472766
131658,473047
131258,473420
130682,475150
130437,475676
129794,476574
125708,480950
121742,484647
114477,490372
113060,491246
111580,492028
110531,492529
107507,493754
105366,492999
99771,490048
98869,489407
97746,488212
97335,487136
97176,486520
97140,485841
97254,484391
97679,483247
102703,475900
103009,475466
105653,472733
107128,471088
107833,470281
108540,469444
112836,463709
113417,462718
113352,462348
111958,462142
109110,462285
107161,462607
106142,463107
105774,463480
104880,464134
103463,465007
102288,465355
101606,465390
100925,465302
99869,464816
99495,464418
98587,463006
97427,461132
97208,460578
97104,459191
96848,453394
94840,446845
94785,446282
98580,439224
98979,438851
103467,438236
104147,438170
106936,438275
107617,438301
111033,439574
111560,439817
112463,440459
113493,441717
114021,441960
114703,442048
115416,442013
116372,441421
118097,440114
131068,429704
133502,427599
131228,425263
130540,424404
126933,411538
127322,409100
127492,401237
127418,399080
126686,395631
124146,384700
121992,376232
121556,375896
121027,375652
112315,371810
112006,374746
111702,375888
111244,377063
109711,380155
108482,382013
107775,382788
105954,384032
103507,384662
100751,384833
94925,384928
93531,385029
92261,385345
91273,385813
90470,386589
89950,387580
89281,389836
88209,391909
83660,398199
82859,398975
77916,401629
69944,405845
59757,412454
58955,413169
57665,414937
56137,418126
55075,421683
54391,425762
54089,426999
53413,427929
52305,428956
51470,429394
45727,432830
41099,435796
39715,437534
37200,441072
36649,442157
32467,450559
27865,453431
26108,454742
25339,455458
10993,468821
10225,469692
8543,472548
7476,474657
7081,475803
7093,477193
8052,480676
8311,481971
8324,483454
8181,484907
5822,502751
3214,512629
2821,513868
2147,514647
518,516144
0,517230
290,518463
700,519232
1830,520828
2582,521686
3363,522359
16067,535803
26486,547042
27835,548821
30544,553705
30677,554878
30691,556329
30393,557567
29877,558652
29110,559370
27874,559659
26544,559826
23845,559327
22266,559280
21028,559508
20261,560288
19808,561435
16894,573879
17369,575048
17997,575876
24358,583503
26013,584969
27008,585485
28403,585718
29677,586076
30610,586623
34669,590257
41853,596979
43354,598570
44763,600192
46049,602001
49171,607990
50149,610049
50626,611124
54572,622259
54924,623491
55089,624569
54996,630620
54857,632103
54250,636184
53985,637483
53299,639960
52240,642132
50571,645144
49198,646856
48339,647483
47263,648019
46185,648432
44951,648754
43562,648923
42170,648845
39813,648098
37514,647197
36490,646745
34375,645687
32904,644097
28492,644978
24557,647121
23729,647902
21359,651697
20908,652844
19281,659411
19143,660956
19315,662499
21849,673218
25094,675806
33619,680712
53702,688853
78301,698581
85169,702826
88120,704615
90766,706592
93257,708632
94233,710472
94609,710931
102617,715441
117758,723576
131641,729968
137183,732284
139290,733311
140968,734681
155088,747051
155713,747969
157360,752299
158992,758261
159465,759335
160090,760192
161555,761779
167001,767240
169821,769060
170906,769573
171835,770118
173635,771456
183388,783004
185170,785820
185704,789790
185925,793007
192634,799517
193883,801352
196717,807762
197601,809971
199977,816601
199985,817371
199176,819505
199006,820955
199494,823507
199905,824550
203529,830181
204185,831098
205768,832622
209407,836712
214445,845438
215708,848721
215783,850076
217631,856432
223916,867054
227035,871610
228341,873291
229149,874114
230822,875544
232463,876912
241007,883846
243226,884716
245323,885711
246188,886379
247739,887903
265349,906291
265721,906687
266624,908094
274538,923776
274757,924328
274923,925619
274753,927006
274429,928210
274158,928766
273524,929666
283022,938805
291044,947682
292051,950288
293035,953849
293194,954463
293323,955077
293486,959230
293408,960677
293061,962681
296361,974404
303126,983693
303345,984244
303609,986088
303607,988950
303379,989691
301397,991342
301127,991867
301223,992390
305250,1000381
306082,1001111
306606,1001352
313352,1006209
319373,1012334
320207,1019465
323426,1029740
328473,1033321
332331,1040483
332829,1050754
332896,1051461
335560,1061649
338697,1067001
339596,1068408
339965,1068804
341318,1069745
349534,1079847
350213,1080702
350432,1081254
350627,1082544
350458,1083930
350281,1084547
349231,1089571
351154,1095981
358152,1113385
370160,1139137
376967,1150391
383450,1160048
384956,1161633
387267,1164656
389444,1169772
389662,1170323
389624,1171126
397056,1180526
401943,1186232
409006,1197423
413492,1206515
420979,1232430
421263,1233658
421331,1234334
421351,1236547
420996,1237780
420514,1238092
419908,1238220
419209,1238134
418081,1237714
417292,1237690
416747,1237910
416357,1238283
415404,1240413
415228,1241029
415241,1242474
415458,1243026
416791,1246119
417068,1246578
417497,1246974
417925,1247277
421925,1250070
423021,1250553
426094,1251387
428195,1252352
435206,1256196
446849,1263108
447764,1263746
454787,1269807
455153,1270204
466190,1286224
466682,1287235
469158,1293886
469314,1294499
469440,1295113
469413,1295728
468191,1302130
471592,1311326
472121,1313074
472827,1318386
473234,1323977
475267,1332538
478909,1334292
480973,1335321
481887,1335960
482923,1337212
483752,1338681
497950,1353792
503848,1358730
504699,1359462
508293,1363586
510578,1366613
510824,1367165
511724,1370785
511914,1372075
511919,1372843
516152,1382895
528311,1406049
528922,1406968
531687,1410331
533140,1411213
541445,1423486
542269,1430456
543135,1434138
544550,1439231
546100,1441465
547615,1443055
550461,1445558
551762,1446565
553639,1448367
554397,1449162
556791,1452130
567336,1465287
570551,1469815
571002,1470031
571881,1471410
576768,1480235
578348,1483945
578566,1485265
577124,1498300
576344,1504541
573422,1515003
572743,1517434
572211,1519280
569581,1527467
569166,1528606
568288,1528138
568107,1528047
565487,1525615
565334,1525001
565421,1524294
565986,1523338
566071,1522631
565079,1522083
563786,1521813
563095,1521879
561866,1522162
558987,1523100
557999,1523597
557642,1524121
555667,1530647
555582,1531355
555555,1532092
555744,1533413
558273,1534781
560856,1535289
562269,1535465
562777,1535247
563555,1534506
564209,1533611
565217,1533335
565595,1533351
565867,1533534
566645,1534274
568429,1548123
568403,1548891
573091,1561772
574082,1562320
576428,1563814
583294,1570017
585999,1577871
586215,1579160
585350,1579840
589214,1586183
590957,1587527
599888,1596183
600402,1597195
604756,1607839
604969,1608360
605434,1612414
605505,1615333
605568,1616009
605843,1617237
606203,1617635
615950,1624818
629431,1632730
640720,1639272
644878,1641259
646942,1642391
647869,1643003
649635,1644351
650864,1645454
652002,1646711
652482,1647693
663832,1664662
673185,1671744
674381,1672081
675394,1672633
678383,1675763
680175,1677789
681579,1679508
689462,1690286
689582,1690900
689492,1691607
695101,1700575
697993,1703616
700408,1706043
701243,1706749
708780,1709300
721141,1714989
727036,1718343
738611,1724656
745335,1727709
758036,1732898
760681,1734102
761663,1734658
762404,1735458
765071,1739614
765779,1741920
765836,1742627
766044,1743150
766636,1744104
768537,1745277
771179,1746790
775248,1748954
776318,1749449
776912,1749604
777685,1749637
785886,1751816
794709,1754493
795273,1754710
807201,1760508
807675,1760818
808060,1761219
808711,1762083
808856,1762698
813374,1768835
817043,1772049
829495,1782411
830828,1783372
831360,1783621
851777,1790940
855512,1791857
871534,1797414
876537,1799358
884763,1802714
885767,1803275
886503,1804050
886795,1804513
886879,1805221
894805,1811837
917288,1821824
925972,1825478
927274,1825737
929108,1826249
930612,1827064
932262,1828157
935321,1830465
936173,1831182
938109,1833048
939134,1834320
939426,1834784
940158,1835562
941511,1836499
942042,1836751
946650,1838340
948512,1838854
949191,1838953
951324,1839163
954759,1839479
956951,1839628
960033,1839695
961425,1839897
964468,1840734
973417,1843459
973917,1843681
977130,1845229
977630,1845481
987276,1851237
989498,1853573
994217,1859514
994357,1860131
994258,1860806
1001128,1867332
1012344,1876047
1020228,1881395
1021438,1881721
1024083,1882931
1028225,1884965
1033173,1888458
1033843,1889084
1034570,1889896
1035755,1891731
1036805,1894456
1037911,1895612
1042326,1898885
1043670,1899830
1045287,1900565
1047082,1901087
1052361,1902068
1058877,1903349
1061230,1904098
1073852,1909677
1078742,1912352
1079120,1912729
1079228,1913346
1079167,1915069
1079916,1916130
1086358,1922654
1087594,1922985
1088649,1923467
1089313,1924341
1091230,1933831
1091473,1935068
1092082,1940252
1093043,1948647
1098691,1958704
1108257,1964501
1110150,1965710
1110524,1966118
1111098,1967023
1111599,1968419
1111996,1969197
1113273,1970240
1120305,1975469
1128624,1978202
1134329,1981715
1135228,1982381
1138469,1985226
1141119,1989413
1158719,2006146
1166501,2013480
1166936,2013799
1168358,2014665
1168912,2014925
1172256,2015498
1173395,2015927
1175493,2016902
1179981,2020095
1190779,2029922
1191495,2030711
1192161,2031460
1193838,2030030
1195723,2028876
1196258,2028674
1197503,2028397
1200475,2028443
1208781,2029584
1213896,2029996
1216313,2029906
1220246,2029394
1222082,2028981
1236067,2024025
1236603,2023824
1239030,2022440
1240631,2021004
1249735,2011816
1251926,2009471
1252626,2008657
1257653,1998924
1258822,1996241
1260186,1992947
1260709,1991141
1260906,1989387
1260865,1988707
1260735,1988086
1256715,1972389
1256080,1970766
1255515,1969825
1254331,1968743
1253868,1968421
1253121,1967629
1252900,1967068
1252798,1966448
1252840,1964937
1253162,1962909
1253685,1961072
1254409,1959519
1254998,1958547
1256936,1955854
1261652,1956510
1265485,1956956
1270825,1957508
1276708,1952551
1290944,1940489
1291107,1931787
1291202,1926449
1287835,1922894
1281898,1916891
1274952,1915803
1279155,1907862
1282035,1904609
1288065,1899160
1289427,1898242
1295068,1895068
1295580,1894866
1296139,1894975
1297387,1895999
1297923,1895952
1302293,1892681
1304278,1890824
1304588,1890370
1311751,1876959
1312092,1876506
1326176,1860672
1334535,1853783
1335764,1853542
1336848,1853111
1340870,1851037
1342352,1850248
1345174,1848510
1345940,1847791
1346930,1846354
1346393,1845531
1344986,1843900
1344550,1843547
1343918,1842725
1343668,1842161
1343316,1840977
1343068,1836273
1343053,1834821
1344081,1827281
1348905,1821492
1365241,1814970
1366808,1814431
1367236,1813146
1367188,1811815
1367089,1811132
1366869,1810507
1366455,1809413
1366170,1808971
1365418,1808176
1364604,1807440
1352841,1798527
1352372,1798205
1351843,1797972
1351067,1797919
1344297,1797689
1343609,1797731
1343064,1797962
1341870,1799070
1341216,1799947
1340730,1800242
1340042,1800284
1334164,1799249
1332919,1798904
1332420,1798643
1331512,1797999
1331136,1797618
1330760,1797205
1326013,1792005
1325727,1791533
1325534,1790972
1305272,1731902
1305083,1731125
1315242,1711479
1322487,1699228
1329890,1692507
1330777,1691852
1331376,1691868
1331971,1692038
1333038,1692530
1333724,1692642
1334446,1692568
1335048,1692461
1336081,1691964
1336794,1691118
1336899,1690596
1337035,1688839
1336840,1688309
1333416,1684047
1330595,1680729
1320334,1671657
1311898,1660201
1311322,1659260
1311053,1658018
1311073,1657247
1313306,1641373
1313414,1640696
1313667,1640178
1313980,1639722
1315178,1638611
1316730,1637878
1319549,1636900
1326441,1628245
1326567,1624542
1327093,1620356
1327456,1619130
1328041,1617385
1328295,1616866
1328920,1615956
1341449,1606024
1355169,1595941
1355941,1595189
1356284,1594734
1356509,1594215
1356559,1593444
1356260,1592231
1355103,1590347
1354724,1589936
1354188,1589674
1353647,1589599
1354027,1580773
1354751,1579587
1355926,1578475
1356415,1578178
1358205,1577700
1360142,1577380
1364195,1576899
1369458,1576141
1370008,1575909
1370410,1575549
1370723,1575093
1370831,1574416
1370675,1572342
1367049,1557693
1366593,1556600
1366335,1556130
1365097,1555016
1362660,1553563
1361617,1553072
1359965,1551640
1359293,1550788
1358394,1549375
1357907,1548343
1355627,1534693
1354405,1529287
1349354,1519895
1353151,1512946
1353906,1512965
1354396,1512668
1354768,1512306
1355112,1511851
1358832,1504376
1360852,1498525
1361037,1497139
1361288,1491832
1361660,1471792
1361099,1459947
1361206,1452968
1361333,1451488
1362015,1444461
1361159,1442278
1360824,1441096
1361218,1426988
1361326,1426281
1361640,1425825
1367090,1419682
1371631,1414908
1372123,1414611
1378913,1412209
1384304,1402449
1387162,1395905
1395001,1386794
1394622,1386194
1392425,1381505
1388498,1372944
1387143,1369822
1378175,1350333
1373510,1340217
1369097,1330850
1368514,1329663
1365441,1324221
1362276,1318746
1360836,1316398
1356758,1309361
1353589,1303889
1341840,1283572
1338221,1277323
1334602,1271075
1315123,1237482
1307890,1225003
1300670,1212495
1300773,1212437
