180207,277892
180827,277981
186835,278443
187407,278347
187857,277913
189425,277010
192869,275293
193441,275259
198138,275781
201526,276343
202696,276673
203244,276700
210831,276232
211644,275892
214285,274787
216591,269247
226436,237449
226446,236185
225400,233698
221377,227358
220873,226715
220204,226136
219513,225712
218710,225812
217169,225611
216385,225311
214888,224708
214164,223235
212908,217881
214267,213984
214684,213086
219698,209912
222783,210168
225117,209711
225869,209364
226845,208444
229439,203342
230670,195495
232140,180306
229895,157141
231244,144296
231398,143492
231023,141492
226438,133403
225725,132424
225208,132122
223529,130413
220283,126191
220090,125638
220686,124199
227084,124390
228201,124038
230658,122467
232758,120437
233719,118853
234874,116094
234884,114983
234920,112299
240085,104306
240427,103808
243941,100183
246103,99968
247759,100191
249302,100662
251114,100358
255102,97768
261055,91691
267657,84732
272727,78475
279077,67992
279637,66933
280196,65873
281170,63479
281377,62771
281496,62362
280866,60894
275959,56019
275300,55444
271628,53258
267980,52336
261515,51612
260728,51563
259189,52205
257839,53121
255496,54176
254772,53755
251967,51793
250953,50513
250872,49743
251153,42304
252643,34015
250799,24880
246970,21421
246287,21955
244988,22899
239260,23410
238477,23421
236819,23443
221127,22736
218635,22239
217917,21876
214734,19567
213078,21493
212139,21965
208687,22151
208111,22126
206908,21458
206559,21029
206600,20474
205643,18941
204578,18210
202892,17545
202223,17335
201695,17432
198165,19095
197800,19560
198177,23721
198876,24794
198973,25380
197888,28102
196771,29746
196207,29725
191163,32006
185965,34105
179381,36547
178044,36677
163000,35746
162653,35315
162881,34143
163797,31951
156458,27773
155951,27558
154845,27622
150399,28398
142957,32072
141481,33058
140950,33398
140397,33366
136987,30249
136065,30927
127501,36186
125856,37037
124822,37506
123136,38149
119490,38168
118752,38165
116824,37268
117006,36124
117151,34428
117064,32793
116721,32175
115871,31277
115411,31121
114858,30965
113751,31115
113453,30867
112384,27624
112271,27099
112319,26544
112808,25406
113480,24328
116768,19808
119309,17103
121451,16031
122557,15510
123064,15172
123433,14742
123642,14187
123712,13662
123881,10980
123401,9806
123035,9343
114431,461
113873,0
109675,1549
104810,5411
93587,7438
91313,7421
87911,7550
87359,7607
80259,10168
79104,10775
77510,11686
69263,19809
68889,20329
68768,20853
68711,21900
68072,24199
65254,25572
62962,27389
59394,30926
58340,32302
57422,33833
57370,34388
57121,43515
57246,44626
57503,46264
58084,47968
62481,59059
63698,64688
65151,73834
65320,75708
64355,80826
69182,101387
75032,123064
75990,125666
76025,126835
75920,128037
73976,138381
73121,142227
71775,148228
71383,149951
70932,150532
69621,155114
68842,157882
68213,162132
68061,163147
68399,163225
68738,163117
69398,161939
70826,158920
72975,152587
74485,161575
74360,162438
71726,165311
69161,167772
68468,167950
67148,168898
64401,176185
64302,176707
63902,178924
63596,180815
63203,182647
62336,186616
58756,201224
57845,204483
55142,211575
56674,222108
56582,224019
55519,227861
54264,231886
53896,232930
53608,233467
50462,242448
45793,255001
42070,263279
40245,268065
37367,278232
36804,281030
31630,290794
24336,300799
18567,305580
12992,308419
12602,310263
14510,316439
14542,318899
14539,320564
14524,322938
14009,325057
12141,330546
11844,331096
9147,335799
7126,340112
6411,346668
6356,348425
6683,348986
7133,349425
7267,350013
7377,350601
7585,353873
7300,355041
6576,357926
5123,362465
4694,363599
4265,364701
3966,365220
3204,366039
2606,367108
632,370927
154,371998
0,372550
742,380920
1646,381708
2723,382281
5466,383008
14788,384859
24356,383437
31271,381409
32437,380963
32998,380601
33592,379530
34412,377846
34862,376773
34973,375665
34837,375077
34821,374460
34933,373352
35127,371504
35384,370336
35938,368648
36411,367545
37404,365400
42937,356870
43256,356381
43990,355465
44547,355194
44276,359538
43820,361290
44469,365245
44583,365831
44865,366390
45432,367322
45933,367760
46880,367090
49001,371343
49236,371870
49923,374961
49916,375447
48275,375527
47163,375729
46046,376240
41540,379390
40411,382643
36274,390235
29722,385056
28130,384818
24094,384820
19152,385546
18568,385814
18922,386313
21334,388293
22451,389574
23443,391100
23702,391597
24686,393739
24943,394329
26482,399994
26708,401106
27014,403362
26957,403916
26576,406778
26446,407393
25026,409993
26405,413558
35179,412201
37004,411763
43150,408914
48994,404515
50318,403174
50877,403026
51992,402977
62743,403185
70970,414731
66608,414382
59647,418998
60516,421813
61003,424068
61554,427156
61705,431474
61740,432769
61795,437074
61467,440534
60520,445086
59912,447422
59054,450342
58828,450987
56240,458296
55740,459462
58430,468091
58865,468496
59366,469673
59556,470229
59807,471958
60078,478958
59993,480066
59945,480628
58655,486463
60221,491380
60024,513355
59168,522406
56175,529250
53464,541180
49317,552908
49089,553461
48381,555024
47548,556648
47245,557230
45887,559403
45512,559830
45015,560133
44263,561079
41988,565521
41370,567548
41313,568194
41405,568751
41920,569065
47055,569587
57071,564056
70965,559533
84091,560283
90151,562142
90718,562269
92424,561940
94105,561488
95739,560665
96852,560271
113927,561643
119057,563354
120241,563943
123471,565831
125074,566790
125987,567470
127911,569076
128774,569848
131886,570993
138583,570937
150986,568040
163097,559701
163516,559330
163712,558774
163587,558189
163882,557634
166517,556025
167035,555715
168044,555157
169202,554630
176395,552140
178268,551979
179378,552066
180687,552430
181495,551194
179918,543759
179609,531140
178478,525413
177207,521134
176312,518457
175126,516520
173496,513906
172656,513238
171595,510585
178372,494256
180456,489316
182941,486962
184306,485908
189491,481350
192542,476339
193122,475165
195256,468772
195399,468185
195381,465319
195126,463626
194706,462857
195141,462207
195919,461833
198964,461134
206611,459631
216859,457541
217316,456859
221568,445075
222225,442542
222622,440842
223063,437396
222457,436436
221824,436381
220636,436670
217846,437404
216371,438404
216254,438960
215796,439395
214803,439867
210192,441324
209609,441360
208432,440290
208331,439736
205867,435687
204537,433446
202343,429209
200347,425247
193094,414599
192532,413986
191826,413466
190487,412488
189708,412030
188999,410986
193526,382785
193667,382230
194116,380593
194378,380006
195388,379383
198696,377654
202422,374001
209322,367998
211395,365206
220165,347430
220345,346720
219765,343364
217854,339529
215916,337790
214490,336785
212851,336091
211961,335945
211439,336628
210673,337004
207464,338140
206336,338211
204771,337731
204024,337459
203443,336847
195280,326207
189080,311633
188262,306798
184016,295384
183273,294863
172935,283411
172408,282734
170919,279687
170582,278948
170094,275685
