118689,869256
110003,874875
109195,875579
107172,878123
107077,878677
107104,879355
107345,880557
107431,881943
107084,883142
103495,887182
102514,888958
91449,904369
39737,977000
34074,982428
1549,1013041
482,1014274
651,1026850
471,1072064
152,1182539
0,1328378
1152,1424508
18562,1446892
44027,1479759
63490,1504950
63833,1514114
65337,1512678
67408,1510178
73435,1502556
73744,1502124
78780,1494352
89904,1476653
103782,1453383
109963,1441459
120421,1427685
130729,1418655
132710,1416806
136516,1412186
137197,1411354
146606,1398574
156603,1385889
157965,1384227
158739,1383395
160101,1382472
161185,1382040
162021,1381424
162392,1381024
164157,1378992
165550,1377084
170874,1369636
175765,1363112
177004,1361973
184559,1355080
192950,1348095
199822,1341942
203198,1338528
212207,1328593
224778,1314601
239516,1298553
249764,1288410
252055,1286198
253604,1283953
254873,1282232
256576,1280142
261266,1276019
262520,1274734
276422,1259248
278899,1256452
296390,1240480
297597,1239405
312300,1226354
312702,1226016
318025,1222393
320345,1221012
322852,1219785
329442,1216010
330247,1215304
343369,1202992
347980,1198510
352035,1193474
355284,1190497
374158,1174076
396151,1157076
397017,1156462
403234,1152228
430322,1134097
439752,1127839
447697,1122654
451437,1120445
453878,1119157
455486,1118483
457124,1117900
461111,1116766
462038,1116214
469301,1112350
473288,1110387
474988,1109866
488152,1103025
506724,1092348
508609,1091244
512008,1088666
512408,1088298
523748,1081793
534869,1075686
546700,1069057
550314,1066693
558838,1061015
560104,1060032
561309,1058989
563285,1057208
570759,1050270
577955,1042349
584902,1034089
598270,1019873
612376,1008356
619443,1001845
643356,979082
655908,964889
671448,947804
674654,944301
679494,939291
681670,937044
690064,926966
692837,923646
693916,922417
695057,921279
711481,906579
718721,900150
719829,899012
726294,890864
730233,884746
733063,880687
735402,877673
736141,876873
742423,871210
747285,866164
748763,864595
766236,844716
772039,838072
774633,835542
775370,834742
779427,829633
780412,828340
781026,827386
786272,817573
792619,805237
794428,801637
797217,796130
798535,793576
801539,788068
802673,786098
814021,769010
815278,767193
816690,765530
821356,760290
837518,739859
845700,728979
854181,716713
870969,690145
874544,684380
895136,647787
896172,645721
896627,644612
897202,642980
898078,639900
899192,635498
899670,632789
899754,631282
899684,629899
898927,626306
898413,622374
898462,620190
898639,618898
899002,617728
901122,611997
901577,610888
914524,580308
917924,573614
928010,555589
931959,548858
933299,547096
934763,545548
943650,533613
955086,518180
956635,515861
959603,510005
960116,509220
961875,506376
963207,503935
970615,489539
977484,473975
978618,462950
978429,462398
978168,460492
978301,458214
978491,455320
978958,452547
979618,450818
980673,448747
981248,447819
982582,446053
991120,436991
993159,435218
997244,432503
1000445,430411
1002824,429034
1005971,427681
1006854,427057
1008071,425999
1011132,422153
1012068,420758
1013392,418160
1014647,411683
1014941,410418
1015599,408718
1016110,407667
1017108,406364
1019082,404498
1019647,402706
1020033,401501
1021085,399428
1026309,391678
1027307,390374
1027702,390032
1030171,388713
1030929,387935
1032986,385389
1033984,384085
1034524,383032
1035088,381240
1035256,379822
1035180,378438
1034626,375364
1034550,373980
1034602,373209
1034780,372622
1045520,346576
1045790,346081
1051204,337550
1051899,336679
1053018,335527
1053899,334900
1055814,333800
1058435,332660
1059802,331751
1060196,331407
1067880,323707
1068875,322401
1069475,321346
1069972,319461
1070345,317423
1070449,315913
1069899,313517
1069297,311892
1069197,311277
1069270,309736
1069384,309057
1069974,307263
1070751,305713
1073606,301611
1074961,299868
1075354,299494
1076999,298918
1077641,298818
1080383,297827
1081262,297200
1081655,296825
1082650,295672
1088335,285800
1090202,282304
1090690,281147
1090855,279697
1090251,278041
1089970,277583
1089195,276854
1088220,274802
1087096,270781
1086414,267894
1086275,266602
1087595,260113
1096221,216761
1095525,202349
1095110,186454
1095119,185005
1095499,183829
1095827,183361
1097033,182296
1101750,179452
1102719,178883
1109636,176639
1110254,176352
1111200,175950
1113747,174912
1115587,174255
1116279,174059
1117411,173838
1120060,173409
1122894,173161
1129949,171558
1131352,171504
1133643,171622
1134839,172004
1135363,172273
1135735,172668
1136112,175221
1136394,175679
1137350,176280
1146921,177205
1147530,177103
1149536,174634
1149801,174105
1151919,168320
1151623,167938
1148208,164478
1147625,164272
1127248,159114
1127370,164785
1127471,165400
1127693,165921
1121412,169343
1113749,171053
1113384,171132
1112597,171126
1112063,170912
1111893,170619
1111790,169844
1108167,169985
1108825,169112
1109967,167954
1110934,167385
1111480,167191
1114801,166863
1115894,166476
1116706,165754
1117364,164881
1117629,164353
1118008,163145
1122261,148588
1120273,136782
1118219,111567
1118207,110858
1118274,109346
1118747,106626
1119547,103468
1120127,101670
1120830,100025
1122923,95859
1123361,94742
1123940,92944
1124050,92263
1124009,91586
1123816,91034
1123444,90640
1122341,90196
1118564,90043
1116758,89488
1115193,88712
1114761,88380
1114017,87560
1113736,87102
1113263,86093
1112987,84155
1113418,71663
1118166,52161
1118696,51134
1122883,43662
1126304,39348
1129754,35124
1130438,34218
1130935,33191
1134432,18111
1134697,16009
1134403,14842
1133420,14244
1119849,11127
1094071,3931
1078652,0
1064605,3649
1063580,4097
1058890,6729
1057058,7928
1055862,9025
1054462,10680
1053402,12760
1052791,14464
1051899,17559
1051455,20276
1051030,22223
1050451,24019
1049686,25602
1048108,27566
1043360,32782
1042194,33939
1025999,43385
1006389,52311
1004727,52918
1002941,53343
971938,59870
969419,59932
967530,59463
966312,59078
965792,58807
963995,58275
962625,58015
961107,57941
959166,58057
948689,60120
947601,60502
947118,60784
946307,61501
945650,62371
943840,66022
943152,66892
941950,67951
933229,72633
932140,72892
907394,78231
888167,83219
887800,83284
885046,83771
881740,84141
873967,83875
872839,83424
871923,82756
870886,82242
866439,80499
849976,75108
848609,74874
834090,76499
815133,80978
814105,81447
801471,88359
798611,91729
796626,94293
795811,95005
795027,95594
793998,96062
791665,96692
790361,96854
772313,98472
770856,98327
767238,97149
754617,97496
749012,99338
746016,100767
743620,101025
741189,100300
740064,99875
739030,99358
737415,97983
735557,96671
734523,96154
728139,93142
724826,91836
723551,91473
720790,91331
712936,92071
711602,92230
710451,92542
708270,93349
705181,94805
687131,103686
686193,104273
685528,105227
684503,107227
683777,108089
678874,112436
677662,113269
674088,115675
665903,119537
642798,132888
630511,140188
628477,140928
608983,146540
607829,146787
605217,146943
603758,146790
596832,145903
595677,145474
594796,144798
591302,141575
589114,139180
587991,137368
587170,136631
586199,136048
584923,135741
581188,135403
579943,135649
576724,136938
573140,137798
571835,137982
570438,138043
567553,137673
556014,135240
547637,131148
544572,129610
543690,130253
541718,129913
537532,126407
536409,125975
534011,126064
532614,126154
531673,126706
526108,131765
518203,137311
505550,145854
499861,149128
498979,149464
497764,149706
492355,150123
490987,150058
489621,149808
488498,149314
487284,148942
485886,148876
484882,149334
479887,153497
478424,155029
477173,156868
476380,157664
466847,163716
449054,174374
448110,174862
446953,175195
444944,175525
442298,175853
438221,176174
436853,175953
433300,174925
431114,173963
427501,172872
422396,171896
420937,171767
419629,171822
418321,172000
414607,172720
412263,173354
411166,173748
409183,174783
407142,175664
404948,176482
402481,176961
401173,177108
399773,177132
383439,176951
381980,176850
373600,174281
372446,173844
370354,172817
367570,170526
362730,166132
360067,164179
333324,144509
322124,134219
319802,131957
308455,118370
299290,106518
286365,88263
285737,87211
284786,85050
283986,82860
281567,72259
280567,72004
272921,68825
271956,68231
262991,60576
258737,58832
256048,63089
253877,66721
251761,69750
242859,82975
238190,89908
228342,104569
225901,108234
224839,110198
221872,115389
214955,122297
213139,124307
205212,134126
204533,135011
193986,149938
193739,150305
193612,150826
193871,152061
195527,156356
198575,161560
199772,163389
200133,163793
201971,165567
202847,166223
203630,166970
206880,170574
207856,173293
208231,175143
208679,178901
208832,181672
209063,182905
210093,186300
213401,196334
213970,197263
214811,198471
215472,199340
217249,201358
218850,202820
221512,204815
224028,206164
225090,206697
226213,207139
227606,208045
228030,208388
230924,211584
231764,213007
233662,218532
234511,222077
235222,224329
235700,225349
236540,226772
236841,227236
238197,228940
239799,230401
241256,231245
242411,231686
244205,232257
245668,232270
246280,232122
247652,232073
249176,232149
249877,232278
251093,232658
251609,232909
252336,233407
253424,234616
254173,236099
254559,237179
255639,242724
255804,244725
256620,249099
258112,256431
258825,258682
259692,260780
260567,261987
262972,262715
264767,263283
266255,264126
271847,270691
276241,278352
276359,278968
276195,280381
275783,282346
275832,283730
276251,284809
276584,285212
277403,285956
277827,286267
279255,287200
289678,293645
290713,294175
293239,295301
298108,293308
298199,293370
309089,303530
340000,332007
410273,355819
448927,368850
469569,375820
493944,384078
516433,391704
565196,408301
595204,418405
619563,426682
645801,435588
668282,443320
670181,443869
678446,443760
735822,443446
751132,443360
762616,443377
768342,443354
777795,443197
777684,443529
768550,452488
752925,467354
741515,478200
730242,488926
668104,548260
620650,596683
571186,647262
557494,661238
553680,665259
527187,694045
501989,721529
489238,735425
458336,768947
448530,779732
447659,780644
442196,786362
393620,783184
388534,782812
368945,781581
361336,781098
344237,780000
342357,779810
334747,779385
332802,780424
331784,780912
328110,782528
324222,783805
320736,784777
318207,785167
314969,785586
313674,785735
310930,785909
308248,786115
306921,786294
301924,787136
290905,790629
288743,791450
280159,794767
265516,801010
261375,802837
247126,809510
243818,811372
242548,812350
235397,818039
233724,819384
224556,826847
223348,827918
222355,829236
221795,830187
220768,832274
219828,835253
219295,837034
218193,842196
218005,842780
217226,844345
215922,846092
212139,849890
211333,850624
209909,851510
208887,851998
206723,852788
199705,854633
196614,855234
195024,855403
187191,856083
184504,856348
183267,856558
181443,856918
168239,859963
158836,862287
156363,862768
154383,862973
145301,862713
143108,862548
140452,862165
135973,862019
131365,862549
130746,862669
127280,863636
125112,864425
122386,865577
