557336,1049833
556715,1055040
570330,1076971
574731,1082747
574824,1083795
575678,1100567
572494,1108372
559367,1140635
560348,1147789
560473,1148525
562145,1155183
562454,1156226
563430,1157910
567410,1162431
567988,1163196
568476,1164053
568880,1165433
571589,1186651
571866,1192119
567712,1212154
566968,1214064
566821,1214372
565380,1216041
556311,1224764
555286,1225507
554561,1225696
554168,1225651
553391,1225532
550581,1221756
548448,1219003
546625,1217262
546079,1216897
545385,1216716
544960,1216780
539529,1217948
533256,1220102
527978,1221943
525477,1223000
524575,1223896
519405,1229882
516284,1234106
513128,1238360
505385,1244294
503938,1245099
502611,1245565
499166,1246562
497596,1246784
496296,1246728
491849,1246438
484474,1245775
479920,1253915
478515,1256132
478095,1256595
476977,1257274
474650,1258050
468360,1258223
468028,1258132
467358,1257028
467115,1256814
466359,1256662
447273,1255976
446879,1256007
444341,1256935
444191,1257150
444445,1257848
448841,1266723
447648,1273730
447286,1274713
446292,1276835
447464,1286109
448555,1290957
444081,1289834
433879,1289424
432365,1289672
431911,1289673
431335,1289367
430910,1288938
428998,1286822
427968,1285196
427544,1284705
427027,1284306
408013,1279263
407317,1279079
404562,1278713
403654,1278714
402868,1278807
402233,1279053
401689,1279422
401115,1280160
400842,1280774
400480,1282188
400392,1284307
399937,1285659
395400,1292665
394736,1293372
394462,1293556
392979,1293864
392253,1293680
390618,1292668
390404,1292422
389074,1291532
388195,1291102
386833,1290642
385650,1290519
384349,1290550
382835,1291257
382380,1291687
378606,1296392
378894,1298984
384564,1302898
385291,1303512
385746,1304372
385960,1305078
387779,1315429
387901,1316196
387628,1317241
385873,1324398
384571,1330695
384419,1331831
384661,1332446
391001,1340306
393034,1342271
410061,1355374
412153,1355617
412334,1355341
412818,1354941
413092,1354787
415246,1354262
416034,1354261
418464,1357145
419499,1358772
419711,1359447
422090,1367338
421939,1367645
421727,1367861
421502,1367943
419054,1367403
416778,1367099
415928,1367192
415354,1367469
414988,1368023
414839,1368760
414569,1373122
414602,1373982
417977,1378954
420906,1390007
407662,1386459
394297,1377653
383185,1373879
375019,1362546
374534,1362147
371865,1362362
369983,1362699
368619,1363098
367979,1363344
366827,1363958
365308,1365124
364488,1365646
358844,1367978
353708,1369112
350010,1369845
347068,1370488
346688,1370648
337113,1368327
336688,1368296
336081,1368541
330366,1375260
329759,1375996
329271,1376824
328600,1378820
322195,1378380
314942,1376801
311910,1375720
310343,1374979
301327,1369493
300538,1369491
299900,1369766
296067,1373381
294848,1374853
294149,1375465
293662,1376293
293446,1377398
293445,1377829
293594,1378535
294741,1381825
296041,1384070
299393,1392126
299785,1393079
300238,1394831
300237,1395292
300052,1395998
299688,1396519
299201,1396917
296798,1398048
294973,1398873
287975,1402541
286849,1403183
285083,1404530
283558,1406092
282644,1407441
281605,1409466
280354,1411305
278159,1414463
277304,1415382
276574,1415994
275261,1416881
273528,1417367
272312,1417486
267508,1417563
264166,1417338
260064,1416986
258143,1416594
256636,1416290
253745,1415705
252560,1415577
245355,1415919
244990,1416009
244714,1416193
242366,1418703
241233,1420265
240313,1422412
240126,1423118
239484,1424282
233173,1428189
228529,1428174
234282,1431972
243238,1444787
243600,1445311
244711,1449063
244891,1449770
246479,1456319
254922,1452479
257977,1449694
258495,1449358
259164,1449145
260016,1449179
261352,1449613
266337,1451349
267250,1451751
267735,1452152
268460,1453260
269158,1454767
269944,1456183
270490,1456983
273097,1460155
276160,1463757
277710,1464837
278471,1464992
279323,1464933
280359,1464629
282309,1463928
285111,1463198
285872,1463046
286663,1463140
287302,1463418
288092,1463943
295227,1471392
297170,1473854
298719,1476284
300899,1481203
301701,1490941
301610,1491310
301365,1491401
301153,1491186
300607,1489925
300122,1488204
300035,1487436
299580,1485654
298613,1482642
298431,1482396
297915,1482026
297214,1481840
296299,1481838
295965,1481929
294044,1482724
292703,1483642
278725,1495064
278267,1495493
277932,1496014
277197,1497548
276058,1500831
275874,1501445
273750,1509087
271244,1522964
271058,1524100
270869,1526634
270872,1536447
270131,1550298
269625,1556869
267840,1584170
266526,1607387
266524,1608247
266704,1608954
267097,1609876
267586,1610738
268746,1611355
269572,1611388
270336,1611267
271038,1611085
271987,1610688
276300,1608794
277707,1608030
279633,1607543
280414,1612920
280441,1613749
280166,1614363
276793,1619515
271069,1623032
260474,1629301
263130,1631458
272599,1634431
273791,1634465
274556,1634344
291103,1630726
300583,1627827
301897,1627368
303031,1626756
321970,1611031
322856,1610141
325275,1607257
326223,1606030
327416,1603636
328213,1601794
331829,1592155
333545,1586353
333761,1585677
337793,1580952
338834,1579755
345250,1573343
346136,1572483
346838,1571839
348304,1571103
350593,1570275
356941,1568221
379557,1559904
381575,1559152
383888,1557999
398284,1552159
412830,1547235
414599,1546803
415819,1546679
417588,1546708
417954,1546616
419662,1545692
420087,1545201
420178,1544863
421902,1531409
421870,1529228
421381,1527970
419149,1524041
407398,1505287
405994,1503139
405109,1501819
404500,1501113
400386,1496447
394961,1490707
390420,1485949
388990,1484721
387656,1483628
386064,1482326
381497,1478027
379155,1475509
378971,1475232
379063,1474956
379411,1474765
379792,1474557
380401,1474833
388531,1478701
389383,1479193
393815,1483025
395597,1484350
396877,1485762
399652,1489599
401357,1492301
402638,1494173
406175,1498286
407029,1499237
424535,1515097
426884,1516876
441958,1526742
443026,1527017
444306,1527045
445067,1526921
452899,1525309
453937,1525000
454757,1524507
456431,1523060
458348,1521182
461354,1515770
461809,1514878
462293,1513157
462443,1511529
462156,1506462
462060,1505234
461541,1503975
461143,1503485
454028,1495115
448410,1488830
434287,1475433
432555,1474031
432274,1473133
431908,1472581
430993,1471292
430200,1470341
428646,1468777
416730,1457060
411289,1449336
411549,1448865
411883,1448834
412188,1448956
414898,1450704
416847,1452299
422026,1457299
424005,1459293
426658,1462852
430896,1468006
440958,1477879
446912,1481881
452109,1484261
463349,1495402
464142,1495922
464782,1496197
465513,1496318
465878,1496256
466518,1495978
472298,1492831
473087,1492276
474544,1490183
474816,1489568
474877,1489169
474842,1488001
474569,1487357
473864,1486315
472765,1485212
472216,1484845
460873,1477931
456453,1476159
455357,1475886
454076,1475397
453496,1475091
452520,1474294
447700,1469359
441480,1462184
440686,1461202
430531,1447459
430743,1446783
431198,1446782
432326,1446965
433938,1447608
434791,1448098
435765,1448894
437534,1450673
438540,1451869
439270,1452943
440523,1455643
441745,1457945
442599,1459294
449832,1469017
451296,1470703
452362,1471407
463430,1477618
464403,1477953
465926,1478195
469644,1478616
469978,1478523
470251,1478338
483796,1466229
484159,1465706
486371,1462136
486673,1461552
486762,1461214
486760,1460415
485992,1458113
485809,1457837
485321,1457440
475691,1452307
474227,1451728
470300,1450755
464819,1449080
462110,1448196
451972,1444871
449781,1443923
446765,1442056
445242,1440953
445170,1440739
448831,1441099
452959,1441853
457392,1441387
461551,1443191
469826,1444122
470223,1444152
474008,1442939
483124,1445067
483823,1444912
484400,1444603
484643,1444387
485187,1443525
485728,1441189
485725,1440329
485581,1433080
485486,1432282
485149,1431300
479529,1423177
478860,1422964
478528,1423057
466223,1426777
463449,1427616
467797,1424254
471176,1420839
473402,1420069
479029,1418571
479273,1418355
479078,1415227
479470,1413095
480697,1411242
482956,1410112
483016,1409712
481604,1404924
481482,1404618
481162,1404329
480720,1404067
479560,1402995
479315,1402382
479314,1402013
479587,1401398
479799,1401182
480071,1400997
482134,1399824
485388,1401011
494420,1403562
495241,1403651
497587,1405210
501519,1408851
501887,1409372
501978,1409740
501919,1410048
501696,1410264
501254,1410695
500890,1411219
500651,1411895
500682,1412294
501579,1416408
503800,1418885
503636,1422022
503896,1423468
505325,1422297
505908,1419924
507300,1418199
507627,1416662
506128,1413290
506064,1412889
506123,1412059
506472,1408495
506922,1406711
507103,1406465
507407,1406494
507681,1406678
507897,1407260
507878,1410425
507605,1411040
507244,1411564
507186,1411963
508140,1414939
508264,1415246
509330,1415979
510120,1415976
510604,1415575
510664,1415360
510460,1409923
510369,1409555
509181,1406278
507821,1403316
507728,1402874
507764,1402634
507817,1402321
508036,1402320
510287,1404339
510525,1404633
510822,1405958
510859,1406180
511151,1407892
511944,1416245
513996,1420201
522678,1423232
526986,1422309
531385,1426517
533250,1430953
537328,1433278
539674,1430020
544154,1425536
555881,1423296
556944,1423014
558462,1422330
564104,1419535
565437,1418667
567100,1417214
572298,1411389
590798,1403891
593008,1402494
594551,1401347
595457,1400481
596783,1398720
597993,1397698
599296,1397167
604176,1395352
605271,1395130
606486,1395029
608673,1394983
609829,1395160
611413,1395794
612270,1396280
612969,1396490
616835,1397170
617198,1397075
617799,1395903
619297,1392942
620973,1389241
622095,1385052
623341,1380925
625319,1377099
626040,1376048
627337,1374686
629087,1373320
630207,1372666
632085,1371883
640967,1369508
641725,1369378
643364,1369211
644701,1369231
670118,1354164
670621,1352868
671069,1352003
672266,1349994
673165,1348694
674519,1347359
676026,1346177
680827,1343149
688866,1342335
690473,1342258
700509,1331794
705086,1328026
705721,1327773
710228,1326157
711738,1325896
715828,1327636
718480,1328592
719484,1328889
720821,1328905
721549,1328744
722394,1328273
723448,1327523
727241,1324652
728445,1323654
728772,1323158
728860,1322819
728856,1322450
728477,1321070
728007,1319783
727783,1318678
727967,1313507
728336,1305782
729956,1298749
730957,1295938
731360,1296918
731761,1297406
732250,1297800
732769,1298163
733410,1298433
734506,1298666
740404,1299860
740675,1299764
745449,1293000
745598,1292691
748536,1284809
749768,1278794
746686,1274770
738981,1268720
738963,1267755
739074,1266892
739660,1265255
740520,1263460
740969,1263024
741601,1262739
742727,1263002
743389,1262779
745604,1260537
746231,1259821
746914,1258705
747409,1256976
748162,1254167
747916,1251400
747690,1250295
747131,1249102
745200,1247434
744581,1246272
743240,1240627
743201,1239889
743582,1238900
744060,1238494
744694,1238240
745149,1238265
745453,1238384
745726,1238565
745881,1238840
749847,1253284
749943,1253652
749977,1254021
750038,1258974
754916,1263622
747804,1242355
747483,1240882
747502,1239989
748018,1220935
748439,1215945
743461,1207454
741190,1204805
740667,1204012
740601,1203644
741846,1201628
742624,1201034
742986,1200967
744561,1201132
744895,1201282
748587,1203850
749016,1204275
751962,1207591
753902,1210090
754086,1210364
754282,1211470
754592,1212050
754867,1212231
757273,1213400
757665,1213457
757997,1213329
761349,1210454
761587,1210235
762592,1208345
762646,1207944
762550,1207576
757286,1200659
752178,1196110
747068,1191407
745902,1187853
745947,1182067
745973,1181666
749020,1176672
749553,1175865
764511,1160583
769341,1155992
770755,1157880
770972,1158092
771335,1158180
771725,1158143
774096,1156940
774306,1156691
774389,1156351
774723,1154253
774823,1152836
774818,1152466
774460,1150686
771587,1146203
770396,1145173
769204,1144143
768655,1143782
767737,1142933
766968,1141897
764537,1138546
757976,1129004
757792,1128730
756481,1125609
748229,1095748
748298,1092054
748841,1087830
748989,1087582
750270,1086610
750571,1086483
751013,1079459
748716,1070290
748392,1063790
747792,1062363
747439,1060922
747207,1059356
746422,1050626
748534,1042902
748858,1042343
749125,1042155
749517,1042211
749791,1042391
750713,1043671
750897,1043945
751852,1049656
751857,1049994
751358,1050832
751243,1051204
751658,1057107
751783,1057413
752027,1057655
752329,1057774
755224,1058286
755584,1058189
755730,1057879
756186,1056210
755968,1049442
755694,1045137
750767,1028836
750452,1027794
750108,1026999
745516,1016940
744276,1003940
742666,998639
741989,997541
739025,993768
735304,985451
730191,969738
730223,959428
731439,956611
731391,955319
730128,950845
729724,949897
722694,939936
722482,939723
721439,937953
719716,934778
717989,931171
715511,925206
713310,919853
709398,905293
707940,888852
702082,873489
701840,873246
698848,872826
694453,876351
691622,874710
679941,866991
669074,849906
657787,831409
645064,815817
643640,813681
642581,812064
641284,807571
641025,806873
640840,806266
640462,804499
640417,803761
640444,802986
640142,799606
640522,799079
644020,798391
644407,798325
644824,798381
646243,797687
648636,796489
648866,795810
648772,795473
648071,793944
647648,793457
647291,793369
640061,792811
638160,792987
637863,793113
637718,793423
636940,795370
637450,800899
636892,803022
637735,806426
637383,806836
634468,810314
633726,810446
633485,810202
627002,797114
626713,795211
626877,794040
627313,793113
627664,792586
629671,789873
632188,788198
621282,782818
617018,775915
614718,774556
608620,773546
604857,774416
604846,776199
604705,776939
604299,777865
603683,778579
601941,779519
601261,779741
600846,779776
599389,779822
594473,778119
592503,776940
591602,776057
591421,775782
589443,770759
589221,769378
589303,768578
589802,768173
590544,768135
592220,769164
593217,768108
579698,753973
579429,753791
568243,746638
563368,745083
559510,744440
558856,744230
558259,743897
552777,740469
552508,740287
552208,739701
552685,738520
552697,738500
553501,738434
554244,738551
555611,739001
559897,741055
561949,742144
562913,740506
554864,734733
541238,723777
525065,714429
523717,712010
518391,699290
517878,693300
517697,692594
517426,691982
516829,691248
516326,690852
513357,688874
512892,688694
511401,688118
510331,687418
506385,684646
498043,678580
485410,668846
478857,663501
477492,662217
472301,656648
466308,649238
460311,639766
450526,624499
443084,618932
445135,607492
445717,605031
446447,603768
451999,595173
450235,593428
449822,592938
447428,589904
446453,588647
444973,586132
426553,568331
424669,566646
415584,561656
414615,561289
412999,561107
409914,560529
406741,557891
403888,555467
388320,538211
385653,535231
384241,533080
381162,528163
379581,524875
378231,521710
376209,516208
373809,516054
371523,517160
372139,515993
372373,515347
372433,514056
372376,506311
372111,505266
371175,503514
366526,496135
365208,495213
361203,492720
360501,492627
360327,492535
359595,491919
359244,491366
357235,482327
356886,479376
360080,473233
360695,472065
370811,454767
377504,449475
375689,440384
375018,436203
375456,435312
377265,429380
378691,418775
378838,417146
378663,416439
377730,413304
388641,392061
392411,379179
392964,377918
393485,377149
394096,376441
400396,370163
401309,370155
401848,370745
404905,373507
405690,373629
406039,373536
406677,372828
409451,365938
408532,370181
408215,371657
408302,372457
408507,372702
409059,373008
409466,372977
413621,371801
414637,371491
415508,370997
416523,370258
419453,368068
431704,354877
433147,352506
433781,350905
445373,346099
446415,345787
448009,345197
450442,344049
452584,342626
453075,342224
455877,339414
455990,339044
455903,338706
454385,336653
453947,336194
453367,335889
452699,335677
449447,335851
452333,334479
456477,337474
456886,337564
457172,336918
458568,331623
458765,330516
462601,303565
459888,298957
464668,299681
465130,299709
465448,299616
468047,298587
469143,297936
478569,291487
478859,286904
473125,280389
474948,275889
470019,271888
474770,270771
476623,265672
476447,265366
471221,264404
468288,263330
466954,260222
468521,258031
467941,257696
466466,256966
464496,256333
464442,256301
464526,255901
464784,255715
465505,255557
479504,255200
480198,255380
481766,256877
483494,260649
483757,261262
483299,261695
482175,262348
481887,262504
481513,262567
480184,262575
479837,262486
478250,265298
484557,267362
486921,272341
487324,272430
487615,272398
489398,268888
495690,268611
493399,265355
490241,263663
488111,262509
488020,259783
489477,259073
492057,261781
495506,263237
499287,264076
503118,263493
505423,258372
515291,253896
516587,253423
516936,253544
517082,253788
517026,254158
515305,255617
513751,256245
512918,256775
510714,258976
509943,259997
508744,261913
508549,262622
508784,263297
509221,263754
509800,264026
517676,266207
525698,258511
528059,257720
528838,257560
533888,257297
536661,257302
537381,257110
538328,256671
539333,255892
539989,255240
540126,254470
539191,251320
539757,248194
540117,246167
541198,243172
541132,242312
540372,238383
538980,237659
538542,237171
538395,236865
539407,228336
544296,221551
544672,221578
549125,222885
549561,223311
549769,223985
550239,224872
551024,225417
551371,225537
561949,225451
563013,225194
563556,224756
574265,213927
583477,204368
589511,198999
589825,198872
593069,198121
593414,198086
593761,198204
595817,199161
596085,199742
597069,202344
597314,203417
597260,203818
597092,204066
595926,205128
595934,205682
596094,206849
596248,207554
596629,208103
597642,208458
598332,208541
611022,203472
611843,202414
608196,199143
604464,197206
603648,196878
601670,197635
601266,197671
600459,197590
599298,196991
598860,196535
598332,195743
595977,191837
591242,186363
590425,185420
589874,185058
588891,184732
582030,183376
580172,184168
578341,185022
577856,185428
577006,186361
575181,187614
573892,188122
569397,189838
556571,192600
555678,192610
540882,191445
538598,190700
537044,184410
536450,182724
535954,181868
533066,177621
532111,176831
531249,176777
530875,176873
529185,177412
528270,177851
527901,178378
527648,178995
526966,179648
526160,179747
523803,179431
522301,178737
503995,167729
502954,166968
502432,166266
502197,165591
502246,164329
502440,163620
503003,162232
504711,160374
505560,159014
505784,158366
505864,157566
505594,156061
505245,155511
504579,154870
503773,154323
502104,153783
490577,150671
486611,149746
473606,147555
469026,144138
466384,128225
466026,125490
466139,125120
466564,124688
467337,124560
468308,124216
468536,124000
469163,123289
469161,122920
465233,111657
464742,111198
464112,110925
462881,110932
461367,111217
460909,111189
458732,110708
456957,110256
456383,109952
455664,109340
455230,108451
455142,108082
454760,101693
454357,99876
454179,97061
459264,81646
459601,80691
459800,80413
460510,79794
461108,79545
462307,79415
462706,79444
463022,79596
471118,77734
478215,62927
477245,58597
475094,56520
469904,51786
469018,51361
458106,46472
451743,44383
450687,44111
450290,44175
449664,44424
449296,44948
448988,45965
448768,47503
448627,47812
448229,48305
445926,49085
432806,53259
431922,53263
428501,53028
426591,52697
424566,52088
423939,51813
423168,51231
422997,50986
422879,50217
422962,49418
423104,49079
423329,47971
423298,47141
423067,46465
421692,43856
420862,42505
419663,41463
417838,40177
417267,39871
416610,39626
411143,38348
405505,38114
405050,38115
399242,38709
398901,38801
398617,38986
398220,39448
398162,40309
398309,41623
397540,43047
396884,43693
396031,44217
385468,47086
385038,47148
384270,47056
383757,46657
382989,45243
380510,41953
375698,36603
374303,35311
372937,34480
361245,29798
360446,29890
359850,30197
359136,30811
358567,31118
354043,30558
353731,30434
353505,30219
353164,29665
352852,28219
352842,26392
352801,24867
352407,22191
352098,20284
351701,19361
351304,18868
350424,17975
348939,16832
335958,6102
335731,5886
332077,1817
331512,1046
331231,0
321422,3318
285492,16886
276993,25043
276849,25350
276787,25749
276781,26641
277140,28489
279481,40498
279873,41424
267887,56411
267428,56839
267170,57021
266428,57200
261380,57439
261066,57314
260189,56415
259652,56042
258344,55601
257660,55565
250991,55419
247463,57696
243441,61197
242145,62570
239357,65068
230913,70833
229938,71193
228811,71022
219350,65765
219314,65731
218897,65330
218162,62061
218138,61661
218271,59571
218964,56303
219546,55213
218806,54901
217550,54980
204598,58037
203540,58302
203282,58453
202589,59122
198794,64154
197838,65435
195673,69931
195319,70881
194959,72291
193007,82666
192878,83864
193211,84822
193517,85410
193569,85811
193480,86148
192710,88684
192469,88901
189479,90776
188014,91410
186853,90590
182408,87057
177494,82625
174365,79539
173688,78853
170719,74321
156653,59601
156358,59514
153142,59765
152798,59821
152251,60182
147430,67834
147104,68445
146977,69212
147139,69892
148143,71538
149031,73336
149220,74015
149122,74814
148974,75120
144605,80654
143995,81353
143623,81440
142674,81341
141547,80823
140784,80227
139068,78415
136628,75546
136041,74798
133163,68875
132888,68254
132757,67483
132776,66252
133191,65336
130439,60828
129990,60390
128751,59416
127110,58374
125523,57762
124756,57596
123929,57551
123156,57692
122749,58178
106436,84891
105617,85861
95707,96180
94894,96720
93460,97063
91772,96970
91062,96772
90747,96643
81624,91822
81370,91633
81009,91103
76685,83968
76548,83627
76428,82454
76356,80328
76111,79708
75749,79177
75358,78677
74853,78267
73751,77598
58554,68760
40130,59401
38574,58750
37523,58450
36326,58330
35870,58320
34807,58574
34285,58901
33818,59352
33463,59868
32958,60719
32498,62033
30142,67678
26115,76365
13541,89102
2828,96425
0,99356
1044,100264
1569,101077
3968,106188
4075,106499
3725,107908
3714,108338
3841,109081
4189,110075
4578,110608
9653,116645
12599,119455
13078,119867
13853,119823
14948,119603
15347,119673
15944,119965
16731,120568
17719,121361
28039,130589
28703,131681
30861,136595
35797,147298
36552,148331
37931,149623
39467,150333
41639,150841
44048,151139
45476,151507
46357,151957
47033,152618
50839,160395
51055,161076
52271,167691
52311,168523
52116,171013
51434,173432
51359,174262
52989,181901
53127,182211
53549,182651
53953,182628
60476,181711
61463,181361
62221,180791
72813,176101
83603,172916
83945,173015
84397,173454
84732,173984
85453,175505
85967,177207
85990,177577
85988,188689
85695,192193
85461,192405
84170,193766
83085,194916
81024,197279
75489,203796
75161,204406
73627,207763
73678,208072
73994,208201
76754,206990
76606,213452
74097,227474
75240,228111
77547,229815
77773,230035
77932,230746
77897,231145
77182,237165
78565,237252
79313,237420
79855,237768
80448,238487
89748,250040
90670,251810
94819,261022
97348,267066
97569,267716
97935,268245
98361,268714
103204,273226
103748,273573
104094,273671
104498,273709
105131,273531
108179,275122
120286,278051
122876,278468
129609,279483
148156,285592
148473,285781
151282,287880
151939,288534
155134,292022
155474,292550
156032,294187
156400,294746
157004,295000
157381,295005
161797,293831
162060,293650
162209,293345
165599,286251
166445,281032
174634,273596
199319,260652
200625,260081
201059,260086
209888,263929
213599,265566
220646,268954
222283,269984
223576,270919
224406,271880
224942,273115
225022,273915
224928,274714
225012,275053
225753,276136
232087,282403
241371,289646
241947,289958
249988,293987
251228,294519
252931,295054
253742,295152
255072,295162
255825,295290
256372,295663
256686,296219
256683,296680
256093,298306
254919,300265
251829,303379
242964,311398
236522,312760
229096,317341
228859,317554
228618,318659
228903,319307
229593,319990
230659,320737
232911,321617
242694,323541
243941,323643
245072,323406
246438,323017
247282,322532
248008,322353
251892,322259
253310,322607
253887,322919
262737,330543
263167,331438
263554,334146
275682,343568
277099,343914
277737,344195
286449,348393
287346,348859
291597,358072
291171,367754
290966,368398
290585,368950
289237,370226
282607,371860
276598,375639
271481,380312
270661,381291
269925,382762
270037,383501
270211,383779
270760,384182
271574,384279
272359,384191
273437,383921
274632,383805
275475,383841
276084,384151
276951,385110
277209,385726
277434,386834
276041,391653
275718,392235
274986,392845
268945,395730
263962,396499
263526,396527
262970,396861
259480,400958
259272,401233
258154,403224
258036,403531
256934,406997
256633,408441
256391,410007
255712,411293
255214,411690
247722,412344
242913,412401
242186,412242
235403,407946
235141,407760
232655,405342
232252,404877
213966,401122
211839,401133
210732,401338
204950,402851
204629,402971
203867,403547
203619,405052
203234,405602
202707,405935
202299,405993
198426,405831
197698,405639
196510,405074
194256,403329
192392,402009
192058,402180
190351,404436
190392,405165
192146,410226
193345,412545
195328,415425
195789,415891
196050,416047
197999,416344
198492,416748
198663,416996
198747,417366
199098,420106
199050,422104
198807,425977
193372,432688
192704,432465
191830,432395
190805,432723
185558,435036
184091,435789
175105,443287
174721,443775
174567,444511
175016,446208
187468,453415
187819,453419
188878,452661
189229,452572
192532,452329
193874,452343
194894,452660
205566,457653
206291,458213
211104,462316
211361,462964
211357,463394
210707,466747
215421,466567
216269,466605
217346,466891
218220,467329
242752,481913
243563,482902
245121,485803
246562,488795
247230,489907
247635,490371
249004,491333
258006,497480
265266,501920
265939,502139
285672,507902
295647,510530
303604,513237
307870,515835
312136,518678
312895,519265
313125,520833
312912,522860
308985,523461
308398,523767
307867,524564
304789,532175
304313,533925
303389,537918
303269,538655
303291,540376
303638,541822
304191,542623
311666,553346
319595,562223
321384,562658
323086,563032
323380,563064
324232,562144
324999,561562
325321,561440
325674,561441
325939,561626
326348,562088
326640,563134
326756,563933
326272,568633
327356,569805
329876,571717
330142,571871
333839,573816
334162,573755
334898,572712
335166,571637
345567,571810
353776,585068
358536,591833
364313,610985
371580,626415
371934,626969
372198,627153
376351,628813
379445,629796
380065,630073
380860,630595
383276,632654
386432,636156
386786,636709
390828,642545
400334,653938
402224,656087
407072,661058
408223,662132
414165,667347
420580,672097
423478,673689
424186,673872
424661,673871
425752,673653
434339,682297
442853,693827
444326,699724
444531,700582
444948,701933
445424,702362
452797,704672
453123,704763
453506,704762
454569,704051
457840,701273
457243,707790
457261,712584
457266,713905
457703,735231
457886,736614
458066,737319
459502,740510
471172,760560
471351,760836
473140,762857
478340,765076
478756,765105
479377,764856
481480,763832
481952,763399
485044,759113
486657,755386
487594,753199
487741,752891
488359,752181
488949,751870
489985,751558
491232,751674
492123,752099
492838,752741
493706,754119
503279,774042
503659,778189
505942,777346
506357,777313
508286,777424
515058,777998
520784,782109
520955,785455
521236,787916
521453,789021
522323,790459
523189,791345
525609,793419
540933,804806
541676,804985
543960,804138
546094,803599
553661,801911
554433,801874
554883,802301
556062,807965
556180,808346
556064,808654
554831,810570
548686,819563
547921,820583
533450,826929
533124,827054
532737,827118
531391,826205
530765,825933
530348,825905
529515,825941
528803,826100
528060,826289
527141,826695
526697,827128
524384,832860
524094,833907
524161,835105
524315,835811
524708,836761
525248,837588
533640,850132
544226,860170
550616,865993
561079,869785
569621,879060
579197,889522
580347,891480
579249,895486
578921,896401
577724,898757
574604,907330
572063,914328
571945,914637
569182,916350
568617,916662
556705,917678
556117,918880
556181,919279
557082,923852
557266,924558
557780,925384
563856,930470
564125,930653
565293,938451
565159,952069
564869,953822
565536,954402
565658,954739
566200,958884
566180,960144
563806,970613
563720,970983
563367,971938
560516,978906
558895,982637
558305,983809
557741,984612
557088,985293
556491,985574
555773,985764
554962,985677
554450,985312
554269,985037
553933,984025
553691,983842
553000,983602
552612,983666
551033,984814
550291,985833
546988,993324
546607,994741
546645,996031
547951,998297
548319,999677
548328,1000999
547906,1004966
547679,1006504
545594,1013341
544915,1014944
544086,1016332
543406,1017904
543231,1018612
543239,1019841
546272,1029809
546576,1030391
547546,1031645
548030,1032041
557616,1039838
