55984,1651928
55271,1652759
55014,1653338
54342,1658580
54231,1660049
54162,1661422
48604,1681872
45167,1693397
45078,1694150
49619,1707932
54042,1723153
53196,1731892
52666,1735540
52162,1736699
51882,1737220
51264,1738201
49415,1740246
49135,1740766
48656,1741924
48316,1743257
48204,1744012
48236,1745346
48380,1745894
51344,1752495
51584,1753004
52130,1753924
53101,1755214
54355,1756325
56416,1758833
57345,1760841
57512,1761388
57638,1762652
57924,1774876
57756,1775542
57451,1776065
56226,1777126
54919,1778102
54055,1778732
53306,1779569
52720,1781482
52666,1783569
52791,1784803
53071,1787330
53267,1788526
53749,1790197
55081,1793229
55745,1794108
57907,1798565
58727,1801079
59502,1803659
62166,1807951
62736,1808899
72479,1828228
72713,1828706
72858,1829285
73183,1837960
72986,1842546
72784,1844613
72692,1845894
72768,1846541
74154,1852521
77736,1866034
78139,1867089
78609,1868076
79761,1869942
80744,1871231
83561,1873772
85050,1874679
86722,1875447
88720,1876624
90139,1877600
90535,1877973
91188,1878822
91681,1879808
91989,1880934
92206,1882128
92278,1882744
91969,1885005
90210,1896330
89908,1896820
85341,1902437
84959,1902840
84087,1903501
82420,1903946
79777,1904066
78274,1903846
76858,1903806
75628,1903937
74405,1904161
73422,1904645
70206,1906681
58530,1914927
50642,1920601
48473,1922248
46308,1924671
45546,1925548
45248,1926040
44765,1927202
44454,1928379
44138,1930646
44313,1936606
44509,1939171
44656,1939750
45704,1942335
47180,1949332
49459,1960866
49526,1962198
49104,1971288
48944,1971956
46071,1983345
45889,1984015
44108,1997522
44256,1998100
44310,1998718
43982,2001828
43879,2002583
43484,2003832
43167,2004327
42685,2004587
42120,2004731
34987,2005459
33588,2005429
33013,2005200
32201,2004463
31793,2003410
29015,2000110
28597,1999743
27895,1999713
27303,2000109
27039,2000383
26510,2001457
26330,2002128
25649,2006051
25516,2007495
25572,2008112
26858,2017525
27060,2018690
30821,2031271
31318,2032253
32152,2032987
35349,2042351
33454,2053389
26787,2058701
23515,2061869
22089,2071751
22239,2072330
24863,2076415
30777,2082067
31306,2082360
31920,2082303
32232,2081808
32435,2079609
32747,2079113
33406,2079271
35309,2080529
35726,2080895
36048,2081302
36286,2081810
36675,2084763
36643,2085451
36489,2086120
34127,2093343
33432,2095089
32833,2096078
32410,2096398
31720,2096399
31128,2096174
30598,2095849
29557,2094637
29143,2094271
28461,2094116
27771,2094118
27268,2094352
26614,2095254
23886,2108561
23925,2113013
24227,2113452
24567,2114541
24597,2115878
24503,2116573
24253,2118029
23501,2120624
22961,2121702
21775,2123715
20185,2125705
18310,2127690
17890,2128011
16801,2129268
16399,2130521
16452,2131825
20306,2139684
25048,2147989
25956,2149337
26542,2150278
27104,2151721
28212,2154949
28442,2156112
28356,2156712
27117,2162051
29124,2166547
29267,2167810
29370,2187680
29339,2189832
29144,2190973
28525,2192622
28241,2193085
27827,2194153
27699,2194788
27398,2200209
27426,2200985
27538,2201660
28263,2204083
29026,2205662
29681,2206627
30527,2208104
31210,2209846
33599,2221800
30657,2228191
29557,2229389
28994,2230348
28768,2230899
28718,2231590
28919,2232942
29702,2234517
35895,2245917
41846,2255441
42365,2256481
43235,2258766
44785,2264257
45268,2266143
45905,2271129
48373,2273822
48693,2274258
48804,2274933
49709,2281015
49722,2281637
49543,2282184
46070,2285632
45636,2285954
36128,2291675
35064,2292185
33539,2292241
33170,2292028
32803,2291596
32566,2291059
32218,2289877
31599,2288067
31251,2287603
30845,2287237
30377,2286972
29821,2286746
28444,2286664
27306,2287119
26419,2287768
25606,2288472
24597,2289757
24318,2290221
18445,2304966
18246,2305517
18277,2306293
18513,2306799
19852,2308598
21109,2309594
22921,2310815
25162,2312400
25974,2313130
26472,2314171
26527,2314945
26456,2315638
22777,2332348
22501,2332812
21660,2334987
21173,2337469
21037,2339541
21154,2340247
22424,2347541
22578,2348149
23099,2349188
23418,2349624
23941,2350693
24669,2353114
25052,2355072
25607,2358508
27100,2368930
27195,2371228
27184,2372695
27051,2374767
26611,2376528
26197,2377630
25858,2378819
25693,2380114
25649,2380804
25584,2384430
25814,2385779
25990,2386384
26507,2387423
27410,2388859
28331,2390263
31306,2394326
32031,2395157
33930,2396306
37774,2397725
39175,2397802
41757,2397356
44052,2397251
49212,2397236
51218,2397443
51847,2397568
53421,2398254
59695,2401035
60519,2401765
60888,2402975
61818,2412732
61834,2413353
61689,2414676
61270,2415745
60902,2416155
60455,2416480
59762,2416610
59136,2416484
58109,2415994
57504,2415866
56870,2415897
55677,2416264
49261,2419270
49062,2419789
47088,2426658
46390,2433494
46755,2433956
47757,2434447
48531,2434463
54896,2438627
67351,2447682
67749,2448048
68003,2448553
68485,2450468
69412,2455083
69616,2456465
69497,2457100
69081,2458169
68813,2458663
67634,2459776
63976,2462349
62996,2462945
61886,2463367
60978,2464018
60689,2464514
60673,2465950
60984,2467259
61180,2467863
61690,2468903
65898,2473317
71063,2478104
75461,2482970
75735,2483473
75978,2485256
76005,2486001
75693,2487184
75284,2488284
69295,2499844
66968,2502881
64214,2511261
65220,2512564
66068,2514068
66830,2515643
67253,2517628
68447,2529072
68479,2529848
68342,2530485
67692,2531362
65580,2532384
65143,2532709
64493,2533585
64281,2534136
64163,2534741
64124,2535462
64377,2535967
65695,2537735
66122,2538191
67050,2538752
67609,2538975
70617,2538891
82760,2537902
88516,2537369
89877,2537143
94294,2535936
99862,2535089
101336,2535103
116604,2536558
117932,2537181
118900,2537744
120175,2538747
120838,2539650
125068,2547102
125259,2547707
125365,2548382
124883,2550885
124279,2552528
123700,2553484
123263,2553805
122732,2554072
121958,2554113
120570,2554024
119283,2554299
118874,2555396
116905,2560966
116695,2562978
116746,2563751
116875,2564424
117291,2565537
117563,2566072
118112,2567888
118460,2569941
118488,2570717
118324,2572039
117917,2573136
115083,2577887
114723,2578295
114266,2578619
112456,2579163
109750,2579391
107896,2579008
106712,2578685
105137,2577996
101796,2576014
100501,2575017
99008,2574259
98453,2574032
97822,2573938
96356,2573925
95583,2573969
94375,2574336
92808,2575113
91461,2576086
88699,2578010
87662,2578517
86602,2579028
84698,2579529
83055,2579069
81395,2578455
79679,2577941
76551,2577320
75167,2577242
74563,2577427
74033,2577668
73576,2577995
73008,2578956
72398,2580608
71754,2581484
70625,2581942
69321,2582230
61438,2582009
60825,2581886
59262,2581361
57599,2580754
55482,2579851
53600,2579486
52827,2579535
51694,2579965
51128,2580929
50920,2581481
50805,2582086
50766,2582777
50978,2584158
53028,2595673
53755,2596470
64078,2597268
74260,2597192
79525,2597375
91671,2599995
93182,2600749
94890,2602139
95401,2602835
95528,2603010
100185,2610840
114304,2625727
115043,2626528
115561,2627568
118263,2633505
118483,2634886
118273,2635435
106964,2655252
97318,2661381
95930,2661301
95168,2661347
94455,2661449
93244,2661821
91510,2662432
88490,2663985
86791,2665374
85616,2666522
85335,2666987
84452,2676742
84375,2678122
84440,2685349
84476,2686125
88362,2698258
88712,2698690
89098,2699056
90692,2699735
91780,2700153
93644,2700493
97048,2701643
97511,2701908
98324,2702636
99003,2703534
99522,2704572
101858,2710912
102028,2711518
101917,2712152
101546,2712564
99416,2714276
98950,2714604
97485,2716218
95226,2720033
94169,2722011
93557,2723664
93042,2725400
92264,2726914
91340,2728257
90528,2728995
88940,2729783
86595,2730588
84537,2731021
81488,2731932
81046,2732259
80677,2732672
80475,2733224
80518,2733843
80904,2734207
86071,2738251
87097,2738737
88751,2739032
89910,2739349
91574,2739956
92540,2740511
93196,2741410
93799,2742439
94241,2743578
94434,2744182
94641,2745563
97683,2763114
100405,2768196
100945,2769262
101461,2770301
102687,2773012
103075,2774281
103303,2775660
104714,2787299
104821,2789595
104785,2790284
104657,2790921
104056,2792573
103760,2793040
95737,2802667
95349,2803051
94457,2803738
92961,2804581
91737,2804960
87517,2805563
87011,2805835
86117,2806492
85698,2807597
85665,2808287
85555,2832197
92423,2840197
93301,2840852
95268,2842732
95615,2843194
96378,2844767
96610,2846146
96707,2847664
96393,2850317
96144,2851560
95947,2852112
95370,2853078
95007,2853459
85508,2859161
85225,2859878
81587,2868170
81299,2868639
76479,2875318
76123,2875732
74792,2876723
74010,2876747
73382,2876630
72775,2876509
71650,2876104
70265,2876040
68964,2876342
66311,2877638
64839,2878491
63492,2879517
63133,2879902
62543,2880874
62230,2882033
61874,2883760
61826,2884453
62077,2884987
62422,2885416
62899,2885706
64154,2885939
65808,2886532
66233,2886922
66460,2887427
66435,2888149
65847,2896804
65681,2898134
65442,2899379
65109,2900542
64517,2902202
63602,2904180
62867,2905700
61383,2908775
60418,2910854
60015,2911930
59615,2913038
58580,2916501
58261,2917756
54474,2933381
54360,2934019
54435,2935386
54558,2936090
54930,2937297
55201,2937828
56542,2939609
58979,2941795
60277,2942864
61246,2943438
62565,2943599
64123,2943481
65294,2943816
65691,2944176
72320,2950665
72514,2951267
75324,2962536
75565,2963913
78327,2979934
78212,2980571
77844,2980988
68864,2988144
64308,2990643
60199,2993562
59301,2994230
58495,2994982
58146,2995367
57574,2996341
56889,2997923
56790,2998841
57015,3000221
57607,3002058
58299,3003694
58840,3004756
59603,3007167
60347,3009611
61955,3016016
62250,3017294
63037,3021327
63808,3025394
64376,3029671
64456,3031224
64211,3032472
63894,3033636
62489,3036053
54612,3045907
52776,3047942
51548,3049030
49773,3050371
47727,3051496
44780,3052513
44163,3052684
41924,3052740
41238,3052855
40170,3053393
37693,3054858
35992,3056259
35269,3057069
34161,3059084
30050,3067175
29853,3067732
24875,3084707
24878,3086179
25189,3087485
25462,3088015
25976,3088778
31566,3089118
32053,3089401
32374,3089830
32251,3090315
28995,3094203
26686,3094560
8262,3097506
5265,3098088
1809,3113121
1686,3113734
49,3123672
0,3124368
110,3125043
384,3125571
731,3126025
2018,3127108
4884,3129642
5912,3130948
6420,3132008
13623,3150143
13733,3150818
13631,3151428
13421,3151988
12789,3152887
12134,3153758
10688,3155392
9757,3156770
9114,3157734
8556,3158717
8343,3159247
7121,3167062
7232,3167737
7505,3168264
8242,3169075
8652,3169427
11331,3171451
13117,3172718
13528,3173070
14745,3174163
15290,3175218
15513,3176600
15364,3177904
15175,3178462
14596,3179418
14229,3179843
13670,3180795
13182,3181832
12480,3184121
12245,3185375
12021,3188070
12066,3188848
12634,3190684
13387,3191492
13877,3191835
16370,3193162
20212,3195409
26874,3199385
27302,3199736
28103,3200476
28871,3201284
29781,3202700
33253,3208511
33774,3209727
34238,3210826
34797,3212267
34879,3212496
37866,3227206
38109,3228615
40869,3238561
46353,3253257
46869,3254318
47540,3255201
48775,3256293
49268,3256573
50372,3256962
51821,3256806
53562,3256142
55670,3255088
57899,3253424
59703,3251377
60344,3250481
60914,3249500
61657,3247997
61865,3247438
63250,3245040
63548,3244564
64625,3243332
66772,3241590
73322,3237171
74370,3236634
74986,3236463
75668,3236504
76227,3236684
76701,3236970
77946,3238036
78282,3238494
79016,3239280
80155,3240296
81120,3240866
82782,3241443
84182,3241521
84864,3241406
85409,3241151
85931,3240869
86737,3240144
87018,3239673
88201,3236339
89321,3234421
89687,3234001
90561,3233332
91700,3232881
92313,3232683
93698,3232453
101696,3232808
107202,3235655
107531,3236085
107792,3236616
107844,3237391
107806,3238083
107700,3238689
107294,3239800
107013,3240271
105740,3243609
105385,3245463
105352,3246186
105421,3246928
105596,3247563
106605,3248881
108640,3250670
110136,3252275
110816,3253163
112430,3255442
113022,3256434
113819,3257996
113852,3258774
114244,3275162
114260,3276628
114032,3277874
113580,3278208
112972,3278405
110820,3278536
109672,3278986
109327,3279401
106587,3286449
106482,3287056
106398,3288473
106518,3289146
107696,3291911
108562,3293401
108893,3293861
110471,3295391
112392,3296506
114052,3297089
115090,3297559
115575,3297846
117333,3299105
117752,3299493
118423,3300351
118682,3300883
118754,3301655
118611,3302266
118231,3303373
117384,3304818
116314,3306038
115674,3306927
115070,3308592
114965,3310668
115539,3314975
116333,3319005
116298,3319697
115274,3328101
114876,3329180
114585,3329685
113504,3330908
111548,3332801
121207,3351611
121553,3352069
121965,3352427
123627,3353009
124262,3353120
127124,3353187
127739,3353301
129400,3353885
130925,3354643
132837,3355730
136464,3358053
145877,3366422
146965,3367639
147745,3369204
148138,3370439
148370,3371787
148454,3373182
148317,3374509
151587,3382313
166401,3380759
197993,3377390
237123,3373423
252715,3371930
274940,3369761
277930,3369494
282615,3369079
286544,3370350
290479,3371718
299159,3374827
320749,3382326
332258,3381471
333013,3381350
336314,3381061
350468,3385724
353389,3386779
357381,3389214
361395,3391744
365090,3394144
372062,3394794
377493,3395219
382532,3395770
392107,3397696
392340,3397773
392185,3403209
392709,3403578
393433,3402785
394056,3401876
395473,3399487
395858,3398407
395969,3397780
396000,3397096
395826,3396487
394232,3393369
393373,3391875
391315,3388384
385767,3380664
381971,3376735
380753,3375671
379673,3374413
378329,3372644
374379,3367211
372703,3364847
366194,3354325
365002,3352393
364150,3350934
363093,3348776
358766,3339656
358318,3338510
353968,3330324
349519,3323047
348835,3322167
348443,3321824
347960,3321549
347314,3321442
346716,3321455
335701,3324208
330091,3321877
324089,3320762
323442,3320657
321313,3320638
320523,3320670
314135,3322299
312933,3322737
311540,3323689
309960,3324470
306322,3325606
305573,3325668
305773,3325278
314125,3319535
314647,3319276
321518,3316617
326584,3316313
327284,3316351
333514,3319875
336812,3321051
337441,3321189
338838,3321269
341998,3317524
342374,3317123
343251,3316437
344295,3315925
346192,3315411
346820,3315552
347305,3315826
348453,3316982
348991,3317191
349512,3316904
349804,3316417
350317,3314704
350536,3313478
350581,3312762
350545,3312019
349787,3309592
349208,3307774
348632,3305985
347980,3304233
347207,3302677
345761,3299370
342427,3291580
341540,3289318
335048,3271277
334846,3270672
334097,3268245
333619,3265519
333510,3262517
333556,3261831
333401,3259514
333292,3258840
333109,3258233
331760,3254859
331281,3253716
329785,3250508
329457,3250067
328894,3249862
328383,3250118
322347,3254957
321246,3256160
318074,3259915
317243,3261326
315574,3264209
314964,3264412
314923,3263640
315112,3263066
316804,3260201
319643,3256191
321082,3254558
325295,3250229
330064,3243566
331753,3240708
331945,3240135
332102,3238819
332008,3237306
331176,3232496
331008,3231050
330597,3226612
330501,3225068
330548,3224382
332283,3208519
332395,3207890
333462,3202288
334249,3200089
341018,3186441
342130,3184531
346092,3178603
346744,3177719
347914,3176582
349602,3175161
350490,3174509
353385,3172726
360238,3168627
361749,3167749
368877,3164636
373929,3162506
376030,3161470
377506,3160600
379122,3159132
379492,3158705
380605,3156806
380789,3156267
380909,3155639
380965,3154953
380915,3154182
380738,3153573
379765,3153016
377309,3151686
373456,3149455
372100,3148552
370723,3147620
370315,3147182
369659,3146294
369130,3145244
368553,3143454
368447,3142748
368067,3141533
367869,3140957
367340,3139907
366333,3138579
365545,3137856
364494,3137367
363793,3137352
362344,3137511
361758,3137705
360341,3138637
359799,3138891
358520,3139195
350345,3139507
348003,3138894
346543,3138902
345159,3139124
343140,3140258
341375,3141593
336004,3143372
334712,3143745
334010,3143703
334126,3143105
334325,3142532
335047,3141736
336895,3140455
337416,3140200
338563,3139746
345047,3137519
346515,3137354
354012,3137300
356025,3137504
357323,3137167
362025,3134836
362566,3134551
362836,3134099
363222,3132988
363480,3131762
370021,3136910
375862,3145642
376537,3146528
376938,3146874
382847,3151673
383399,3151886
384024,3152001
386177,3152020
387725,3151923
389860,3151666
392889,3150704
394456,3149927
402535,3145442
403851,3144434
406358,3142304
407967,3140816
409136,3139663
411834,3136967
413719,3135032
415164,3133400
419252,3128307
419883,3127435
421034,3125512
421665,3123186
421976,3121930
422334,3120084
422984,3115557
423301,3112939
423765,3108981
424061,3103422
424321,3094955
425771,3082740
427613,3072022
430473,3055090
430564,3053723
430369,3053115
429964,3052734
429488,3052542
428163,3052396
427565,3052582
427201,3052973
426922,3053453
426536,3054556
424886,3059661
424541,3061506
424370,3062846
424026,3064691
423640,3065796
422534,3067002
422023,3067277
416048,3069248
415415,3069129
414935,3068846
414607,3068400
414563,3067628
414755,3067090
417159,3061941
417436,3061461
418608,3060313
419054,3059979
421691,3056367
424687,3052210
425245,3051252
429099,3044421
429291,3043854
429337,3043171
428949,3041984
428154,3040385
427848,3039968
427324,3038912
426991,3037630
427035,3036916
430078,3029449
430918,3028013
432210,3026242
435097,3022998
435828,3022187
436109,3021708
437300,3019883
442560,3012190
443295,3011379
447601,3007236
449373,3005882
451382,3004763
453215,3004211
454252,3003697
454620,3003278
455017,3002175
456864,2996705
461551,2987050
462101,2986097
462738,2985232
464400,2983052
465207,2982304
466600,2981375
473559,2977384
475647,2976334
477463,2975606
479872,2974853
483316,2974273
483753,2973946
484107,2973560
489053,2967046
493462,2960713
494918,2959079
495358,2958752
496929,2957886
503484,2955002
508965,2954053
509490,2953786
509867,2953401
513511,2947208
518841,2940587
522706,2936062
537200,2920033
537645,2919710
538789,2919240
545741,2918468
547033,2913949
546848,2913336
544629,2905802
544525,2905095
544545,2904415
544757,2903851
545479,2903057
548212,2902140
548874,2902028
549580,2902038
551237,2902638
553624,2904051
555118,2904811
555824,2904821
557890,2904485
558401,2904223
558508,2903602
558423,2900608
558241,2900026
550159,2887900
549487,2886993
548675,2886276
545814,2884600
544699,2884201
544010,2884160
543412,2884364
536127,2888362
532695,2890269
528589,2890801
526375,2891409
524055,2893302
525064,2891053
529384,2888981
533603,2888226
534924,2887226
535669,2886429
536669,2885130
537519,2883713
537881,2883300
538690,2882564
539201,2882208
540248,2881711
541445,2881335
542150,2881221
543607,2881206
544866,2881508
547138,2882243
549083,2882494
550280,2882119
550793,2881857
551243,2881534
551521,2881063
551733,2880501
557580,2864577
559474,2856801
559692,2855560
560167,2847700
560598,2840459
560666,2839098
560735,2836255
560738,2834772
560654,2833260
557453,2819230
557268,2818648
556694,2817676
548540,2808856
547739,2808138
547266,2807843
540691,2804609
540075,2804504
538537,2804582
536026,2805277
534986,2805773
533213,2807127
532153,2807624
531394,2807678
523788,2808018
513883,2807212
513267,2807110
512379,2806461
512189,2805849
511938,2805333
511606,2804881
511131,2804620
501058,2803500
495681,2803793
492319,2804293
490781,2804383
488706,2804278
486133,2803885
485040,2803464
483612,2802625
478015,2799109
477202,2798400
476531,2797500
466216,2785348
454550,2773361
448237,2768171
446653,2767500
445231,2766668
435654,2759444
434110,2757909
430221,2753299
427301,2749388
426378,2747979
422540,2742444
422380,2742236
421877,2741579
419826,2738153
419303,2737097
415974,2727022
415208,2724585
412579,2714538
411796,2711360
411495,2710076
411241,2705479
410987,2699583
411246,2698331
413318,2690928
416317,2683261
416875,2682305
424924,2670500
425664,2669692
427979,2667418
431012,2651224
431382,2649382
431698,2648223
432102,2647123
433208,2645216
433580,2644797
435297,2643419
436970,2642013
440625,2638756
441350,2637951
442005,2637057
442267,2636580
447933,2624923
452489,2615329
455335,2609892
455905,2608940
456259,2608523
459033,2605935
459477,2605608
465869,2601113
466895,2600577
468263,2600368
479475,2598756
488667,2593871
491824,2589864
491012,2589151
490814,2588541
490986,2587237
491543,2586289
491900,2585875
492727,2585135
504920,2579335
518161,2571394
523735,2570850
545063,2573038
552184,2575472
552736,2575673
554437,2577049
557134,2578863
557597,2579006
562647,2576965
563165,2576704
563890,2575884
569363,2562815
569416,2562258
568609,2561536
568119,2561270
562204,2558141
561010,2557831
560327,2557786
559650,2557926
558882,2557945
557860,2557478
555475,2556088
555005,2555791
554664,2555367
554281,2554141
554135,2552726
554181,2549420
556189,2542792
556580,2541702
559988,2535317
560263,2534847
561268,2533556
563226,2531625
563659,2531306
579809,2520531
583430,2509989
584682,2507463
590318,2497131
588683,2494108
585578,2486485
585138,2484519
585001,2483225
585350,2478619
585561,2478059
586119,2477121
586466,2476713
586904,2476396
588738,2475803
590090,2475591
590708,2475393
591675,2474819
591865,2474260
592706,2457947
592672,2457331
591036,2458041
588848,2459010
587836,2453012
587522,2451752
586591,2448746
585696,2446481
585118,2445535
584453,2444655
583939,2443616
583557,2442420
582346,2434697
582079,2432573
582002,2431031
582260,2426212
582382,2425591
582976,2423944
585985,2418667
588221,2414888
597422,2402770
598411,2401486
604793,2388228
604974,2386898
605166,2386370
606064,2384781
613320,2377596
614498,2376467
621586,2370498
622008,2370152
624312,2368577
626823,2367215
632086,2365386
641237,2363422
646453,2360834
657390,2355356
659615,2353700
664878,2349738
665237,2349334
665167,2348964
663866,2345057
663522,2344628
662324,2345008
660409,2346166
657792,2347454
657183,2347645
655826,2347874
655191,2347757
640806,2343929
638554,2343215
637528,2342733
635655,2341615
633871,2340341
630335,2337055
628895,2336211
623611,2333228
623129,2332957
612280,2328892
608544,2328212
607995,2328005
607188,2327277
606604,2326330
606345,2325810
605759,2323413
605724,2322642
605827,2322024
610406,2313834
611503,2312645
612471,2311982
613488,2311441
617277,2310489
620257,2310230
621795,2309467
624885,2307172
625626,2306359
626255,2305641
627101,2304149
627275,2303591
627856,2302658
628575,2301846
629003,2301502
637961,2297194
638552,2297001
645363,2295876
646891,2295767
648420,2295690
651386,2295598
652094,2295653
656348,2296537
660816,2298811
662260,2299632
663064,2300365
673029,2310068
672920,2310686
672650,2311182
670703,2315914
668856,2321511
668438,2323304
668466,2324044
668794,2325337
669115,2325767
677630,2335672
678451,2336376
680340,2337476
680886,2337689
681431,2337870
682136,2337928
683495,2337704
684535,2337175
702421,2332632
709523,2331013
711566,2330670
713065,2330578
714291,2330205
714722,2329864
715471,2329062
718331,2325853
719036,2325051
719331,2324588
719785,2323570
719990,2323015
723496,2308241
723703,2306267
723007,2276194
722961,2275423
722664,2274158
722046,2272430
721589,2271320
720558,2269253
718817,2267156
717602,2266077
717258,2265645
716937,2265214
716157,2263642
715720,2262531
714893,2260219
713949,2257228
711211,2250600
710704,2249552
709761,2249029
709118,2248907
707602,2248971
701379,2249942
699428,2250378
697272,2251403
687746,2257424
675571,2262457
664468,2264697
661743,2265150
661310,2265493
661040,2265958
661273,2266481
662081,2267183
662564,2267457
664128,2268153
665367,2268391
668414,2268213
670543,2267920
677185,2267629
679799,2267953
681519,2268437
682530,2268924
683728,2269998
684769,2272089
685209,2273198
685536,2274461
685246,2280415
684931,2281588
684387,2282517
683297,2283726
680113,2286673
679226,2287326
678633,2287515
677103,2287586
651844,2288807
640846,2287967
640249,2287850
639698,2287642
639351,2287213
639116,2286692
639062,2285952
639169,2285334
639591,2284249
639859,2283752
643495,2277604
644958,2275243
647130,2272845
648717,2271379
650036,2270378
650762,2269600
651031,2269103
650774,2268582
649897,2267943
648242,2267374
647092,2267047
645300,2266603
644612,2266579
643927,2266772
641190,2267912
640504,2268044
639105,2267967
628019,2264927
616934,2261040
615985,2260499
611668,2257233
609269,2255079
606653,2252345
605009,2250150
600835,2241087
599879,2238944
599385,2237071
599282,2236394
599291,2234234
599675,2232407
600070,2231321
602416,2225482
602954,2224516
603772,2222343
604965,2219084
606334,2215299
606393,2214588
605845,2213548
605538,2213122
604751,2211561
604316,2210457
603755,2208646
603158,2206096
602961,2203909
602959,2201008
603158,2199031
603464,2197885
603686,2197326
604227,2196392
604697,2195366
605002,2194220
605367,2192363
605532,2191065
605767,2188408
605873,2186340
605838,2185569
605711,2184892
605139,2183945
604316,2183218
603447,2182584
602510,2182044
601710,2181317
600714,2180007
599809,2178603
599017,2177074
593463,2154156
590999,2142632
590642,2140911
590284,2139189
589070,2128754
589117,2127396
589888,2122168
590215,2120837
592593,2112158
593304,2111344
604885,2098384
605277,2097977
608989,2096687
610648,2096230
611963,2096210
613419,2096343
619892,2097672
620550,2097847
622296,2098564
622701,2098929
625471,2104599
625688,2105089
625674,2105768
625005,2106671
624564,2106985
627273,2109912
643474,2115892
645306,2116552
647301,2117056
663100,2123670
675202,2130061
676350,2130517
682967,2132021
688882,2133906
690613,2134607
691688,2135158
692578,2135833
694193,2137307
695973,2139306
697752,2141335
698945,2142441
699365,2142780
701817,2144314
704525,2145634
706530,2146154
708021,2146368
713381,2146421
715362,2146389
725009,2145926
735427,2145570
741509,2145955
760363,2145880
762286,2145696
767150,2145149
768970,2144791
769484,2144578
770467,2144122
771547,2142896
772369,2142162
776885,2140098
791556,2133543
792436,2133666
793790,2133710
795052,2133599
795614,2133450
806525,2126785
821380,2118955
822933,2118329
823853,2117786
828435,2114953
829713,2114016
830093,2113621
830717,2112643
833394,2104541
837528,2092113
837772,2091531
838130,2091135
839011,2090471
839507,2090263
840119,2090211
840615,2089972
841044,2089640
841601,2088601
841708,2087831
841385,2087425
840704,2087383
840138,2087528
836001,2089097
834487,2089814
829553,2093040
828898,2092846
828575,2092440
828420,2091851
827898,2085738
827859,2085120
828218,2084724
828830,2084671
829320,2084956
829642,2085393
830349,2086883
830970,2087757
831388,2088102
832043,2088297
833402,2088502
834084,2088513
834650,2088367
835147,2088128
835575,2087826
835864,2087337
836237,2086017
836448,2084509
836412,2083891
835390,2079989
834972,2079643
834454,2079635
832291,2079603
822225,2069035
821925,2068630
821673,2068133
820150,2063919
816365,2052089
816302,2051471
816334,2050793
816554,2050211
817424,2048649
817738,2048159
821289,2043950
821719,2043648
822718,2043168
824901,2042519
825401,2042279
826261,2041643
827157,2040176
828135,2037877
828311,2037201
829480,2031574
829160,2029133
829348,2019298
832320,2005804
835659,2000179
836057,2000555
836694,2000873
837215,2001035
842637,2002384
844061,2002530
844703,2002479
848514,2000598
848900,2000204
848984,1999435
849315,1993889
849625,1989639
849935,1986776
851222,1978316
853521,1963861
853700,1963217
847781,1955561
846290,1954643
836533,1944963
836205,1944527
835972,1944029
837119,1942301
837226,1941914
837946,1941795
843130,1941147
843702,1941372
844397,1942864
844690,1943979
845153,1944973
846185,1946285
848118,1948166
853166,1952475
853663,1952792
854234,1953018
854997,1953124
855480,1952885
855940,1952585
857037,1951371
857653,1950395
857903,1949813
858058,1949137
857863,1947962
857536,1947525
854222,1943951
853019,1942852
845945,1938880
845350,1938623
841043,1937643
840139,1937518
838945,1937518
838084,1937431
835875,1937047
835474,1936949
835116,1936795
831827,1935890
831690,1935334
829985,1925319
831228,1915470
833168,1910841
836450,1901916
832529,1898314
828958,1893485
827690,1891063
826489,1887069
826667,1886394
827141,1885229
827804,1884343
829238,1883561
830279,1883329
831026,1883432
842803,1886533
851011,1891999
851692,1894538
852513,1897297
852820,1897703
853320,1898019
858451,1900790
858810,1900919
862544,1902188
874304,1905432
876316,1905964
892197,1908453
899658,1909514
900958,1909482
903350,1909074
907898,1907083
910222,1906522
910826,1906444
912710,1906212
913965,1906089
915431,1906217
916574,1906708
920212,1907570
930276,1908480
933087,1908710
938966,1908531
959339,1906962
962480,1906656
973162,1904861
993556,1902701
1017671,1898939
1042325,1895209
1044191,1895069
1052729,1894835
1063043,1891598
1078697,1888179
1098694,1884440
1107090,1883112
1112710,1882615
1114045,1882587
1115850,1882337
1117047,1882149
1118808,1881804
1119870,1881424
1139828,1873913
1141389,1873315
1142950,1872717
1152662,1870452
1184287,1862228
1194310,1858573
1196814,1857421
1226202,1843358
1241019,1834354
1243708,1832482
1245479,1831202
1249371,1828170
1250544,1827069
1252417,1825022
1253782,1823252
1254276,1822075
1254464,1821437
1255357,1815699
1255299,1815076
1254377,1813063
1254241,1812527
1254183,1811903
1254206,1811192
1254327,1810456
1255480,1805603
1256218,1802955
1257260,1799800
1258692,1797074
1260119,1794440
1260798,1793461
1267392,1786024
1275208,1777433
1280543,1772554
1282237,1771211
1286464,1767840
1288932,1765684
1295150,1758638
1298758,1754391
1303199,1748529
1304053,1746944
1304417,1745636
1312481,1732832
1324934,1714916
1333055,1704795
1334568,1703167
1336432,1701161
1338920,1698145
1340471,1695682
1340837,1693412
1340993,1691965
1342363,1660836
1342333,1659530
1341523,1643362
1341277,1640861
1338563,1631448
1338107,1630453
1337466,1629570
1337041,1629198
1336559,1628915
1335870,1628711
1335343,1628705
1334824,1628947
1326125,1633019
1323230,1634585
1320478,1634828
1310104,1628034
1306101,1624878
1305272,1624140
1302193,1621017
1295941,1614183
1294570,1612480
1293705,1611120
1288806,1602615
1288341,1601625
1284349,1589804
1283543,1587056
1283022,1583397
1282939,1580757
1283478,1572330
1283824,1570059
1284380,1568080
1284885,1566904
1287026,1563445
1291538,1556948
1299232,1546380
1303916,1541757
1305081,1540624
1308239,1535778
1309486,1533783
1310563,1529761
1310608,1529082
1310332,1527885
1309478,1525814
1305243,1516793
1294920,1500196
1292999,1497594
1279257,1484806
1278846,1484440
1252796,1464295
1247557,1460895
1234503,1453868
1232838,1453063
1227676,1450826
1222983,1448866
1219874,1447799
1213943,1444106
1206129,1437750
1205023,1436423
1203972,1434543
1203838,1434258
1202844,1430679
1202542,1429728
1202316,1429043
1202005,1428625
1201510,1428320
1199597,1427695
1198881,1427689
1197384,1427457
1196783,1427210
1196366,1426848
1193612,1424171
1193045,1423245
1192748,1417539
1191680,1407279
1191563,1399449
1193653,1394669
1194303,1394516
1197681,1392708
1198108,1392390
1200099,1389616
1203284,1385140
1203567,1384628
1203682,1383893
1203706,1369914
1203511,1368697
1203047,1367714
1202213,1366899
1200160,1365743
1198014,1364571
1198581,1362848
1198905,1361535
1199047,1360769
1199056,1360089
1197778,1347593
1197627,1347028
1197159,1346047
1196320,1345293
1195272,1344066
1191937,1338458
1191167,1336780
1190427,1333992
1190356,1333339
1190407,1328085
1190573,1325249
1192983,1309382
1193750,1305895
1195728,1297830
1195990,1297255
1198988,1292208
1199917,1290739
1201090,1289591
1204190,1281551
1204813,1264328
1204739,1263706
1205076,1263227
1206132,1261888
1206611,1261665
1207190,1261538
1207867,1261542
1210720,1261746
1219485,1262963
1220902,1263252
1221488,1263499
1222849,1263878
1223599,1263978
1224976,1264018
1226861,1263838
1227994,1263556
1228501,1263335
1229999,1262082
1230384,1261670
1230983,1260680
1231486,1259531
1231689,1258149
1231797,1247574
1230647,1238049
1228659,1220841
1227091,1206440
1226971,1205196
1227246,1200292
1227524,1197399
1228045,1195384
1228524,1194233
1228837,1193723
1229827,1192320
1229987,1192266
1230048,1192489
1232096,1187951
1232724,1186962
1235117,1183775
1236620,1182120
1239265,1180214
1239991,1179385
1240231,1178810
1240349,1178042
1240518,1175685
1240570,1171743
1240446,1171178
1239885,1170253
1237422,1168024
1236435,1166737
1234919,1164494
1233493,1161525
1233207,1160391
1233133,1159764
1233369,1158229
1233726,1156886
1233967,1156311
1234883,1154842
1235245,1154423
1235887,1153916
1236405,1152351
1236757,1150081
1237681,1142271
1237633,1141650
1236806,1138206
1236364,1136513
1236126,1136006
1233531,1132535
1232840,1131047
1232766,1130425
1233173,1129146
1234170,1127681
1235318,1126378
1236971,1125007
1238609,1124471
1239808,1124253
1242329,1124010
1243966,1123506
1246484,1122304
1247774,1121350
1248819,1120043
1249136,1119533
1249618,1118382
1255104,1102269
1255658,1100255
1255869,1098750
1256023,1097304
1256033,1096593
1255912,1095349
1255277,1093801
1254717,1092844
1253511,1091049
1252378,1089877
1250871,1088537
1248129,1086938
1247317,1086217
1246755,1085292
1246681,1084638
1246991,1083231
1247675,1082306
1248556,1081671
1250495,1080563
1251500,1080088
1253608,1079330
1254539,1078759
1255662,1077548
1262777,1063683
1263311,1062597
1263796,1061446
1270771,1040367
1277107,1021142
1277396,1019702
1277624,1012783
1277622,1010771
1277556,1010221
1277461,1008226
1277265,1006328
1277129,1005348
1276742,1001999
1276475,1000964
1274192,993916
1273707,992932
1272973,992120
1271747,991005
1271254,990702
1270434,989979
1269951,988964
1269993,987605
1270371,981251
1270659,979812
1271591,978343
1271960,977929
1273193,976878
1279293,972365
1280235,971795
1284836,968908
1292639,962323
1296434,956550
1296730,956039
1297193,954888
1297436,953353
1297128,949530
1299508,943766
1301993,943442
1304803,942694
1306817,941749
1310864,939026
1312155,938043
1326077,924589
1327730,922962
1328329,921961
1328416,921219
1329099,914815
1329190,911569
1329303,910832
1329680,909490
1331230,906231
1332176,904734
1332933,903909
1334114,902767
1335034,902229
1336534,901507
1338733,900823
1341957,900662
1346186,900900
1347438,900754
1350188,899918
1351139,899352
1351937,898623
1353110,897481
1354284,896340
1356930,893547
1370689,877916
1380983,868288
1392914,855632
1393265,855219
1393867,854232
1397565,847352
1397859,846067
1397932,845297
1397917,843280
1398042,842543
1398921,840116
1399524,839128
1401268,836814
1404290,833615
1405096,832888
1406807,831596
1410614,829437
1412557,828376
1420880,826740
1421674,825892
1422836,823823
1435209,800634
1435539,798390
1435869,797045
1436098,796439
1436732,795454
1437566,794792
1438733,794492
1448837,789909
1459753,779176
1465617,772284
1469304,764385
1478420,751929
1478776,751517
1479643,750858
1480637,750364
1481196,750213
1482468,750078
1484628,750249
1494167,751867
1494669,752179
1495239,753118
1495376,754370
1495359,755052
1495823,756760
1496453,757610
1497043,757835
1497630,757687
1498062,757374
1498728,756455
1499191,755274
1500967,750451
1501205,748945
1501069,747662
1500912,747123
1500187,745615
1499858,745189
1499027,744450
1496513,742949
1492015,740231
1491685,739806
1491444,739293
1491286,738755
1491306,738042
1491844,736959
1492228,736548
1493149,735925
1494781,735379
1497863,734960
1501001,733706
1505352,730358
1505710,729947
1506325,728962
1506566,727973
1510976,727375
1524602,723098
1531579,717011
1531887,716535
1532151,715091
1531947,713212
1531966,712529
1532123,711856
1532733,710996
1537861,705841
1538859,705380
1552213,699270
1553544,699206
1564135,698826
1564765,698901
1568713,697841
1580330,687833
1581239,686341
1581584,684996
1582212,680465
1590837,666884
1591561,666064
1592002,665722
1592517,665509
1593133,665429
1593815,665603
1594232,665975
1594211,666659
1593975,667233
1593864,668004
1593958,668633
1594113,669174
1594591,669488
1595185,669718
1596518,669689
1603962,669232
1604529,669086
1610328,666861
1620326,663109
1628356,661274
1637693,660601
1644946,658123
1645410,657878
1646246,657130
1650671,653100
1659986,643455
1660581,643688
1662841,644017
1664057,643798
1665688,643237
1667926,641693
1670088,640050
1670505,639708
1672367,637636
1673100,636819
1674895,633806
1675261,633397
1685989,630424
1690234,630070
1691942,632671
1695406,628229
1702745,614599
1704103,611927
1707582,604737
1708447,602307
1708562,600848
1707613,590497
1707460,589954
1706416,580378
1707763,576080
1710680,559942
1711494,545139
1711516,543767
1711681,543093
1712217,541979
1713823,540510
1714320,540268
1716511,537783
1717953,535178
1718657,533359
1718794,532682
1718911,531910
1718961,530540
1718922,528506
1718672,526644
1718336,525524
1717635,524033
1711398,512404
1703780,497212
1703626,496638
1703586,496042
1703441,488601
1704206,484070
1704903,482312
1705116,481734
1705163,480364
1705069,479733
1702491,466960
1702223,466004
1700210,460735
1699902,460306
1679969,443403
1679354,443297
1678775,443473
1677857,444031
1673754,447572
1671375,450364
1662861,450379
1662365,449409
1661780,448494
1661292,448179
1660675,448104
1659970,448085
1657668,448639
1650742,450645
1649876,451301
1642968,456333
1641407,454822
1634759,448847
1634153,448618
1633448,448601
1628612,448630
1625565,456874
1625721,471835
1625203,489927
1619973,492679
1619448,492924
1619030,493268
1618794,493844
1617791,512803
1617772,513487
1618025,514688
1619092,515915
1619516,516287
1620159,517141
1620298,518366
1619773,519451
1619067,520304
1616559,522433
1617196,526995
1617116,527737
1616797,529085
1612782,542788
1612543,543394
1611907,544471
1596312,568170
1595229,567659
1592956,567346
1592310,567395
1591147,567626
1589122,568607
1587410,569922
1586683,570743
1586371,571220
1586133,571826
1585975,572500
1585544,575521
1585042,577540
1584335,579297
1584050,579775
1583323,580597
1582026,581597
1580318,582071
1579031,582107
1575469,581927
1574280,582157
1573761,582402
1572774,582957
1572332,583301
1565805,589019
1565470,589432
1565157,589940
1564865,591382
1552747,596199
1550738,596221
1539706,598726
1538003,599205
1537026,599669
1536147,600327
1535346,601083
1521880,613883
1518914,619782
1517791,625116
1518529,626594
1518917,628328
1518899,629041
1518613,630452
1516828,636148
1516597,636723
1515385,638727
1515021,639200
1514195,639955
1501690,648565
1500767,649127
1500203,649278
1498947,649415
1498255,649402
1496980,648980
1490418,644931
1489998,644563
1488999,643258
1488779,642779
1488520,640278
1488131,638515
1487911,638036
1487245,637155
1486404,636420
1485414,635831
1484818,635607
1483307,635389
1482614,635377
1478739,635728
1472558,632523
1471280,632103
1469076,631876
1465665,631886
1462385,632030
1461742,632115
1460643,632421
1459644,632889
1448705,639775
1448271,640091
1447914,640504
1447580,641012
1447429,641685
1447692,644245
1447784,646887
1447507,648298
1446588,649794
1439374,659976
1438635,660801
1437768,661432
1436722,661836
1436033,661796
1434076,661246
1432101,660045
1428868,657190
1428198,656344
1425417,652338
1424788,650782
1424256,648488
1423280,647192
1422205,646634
1419853,645693
1417834,645206
1416325,644996
1414228,644908
1410471,645315
1407585,645990
1405595,646963
1404730,647596
1404152,648257
1402086,650393
1400964,650703
1398939,650342
1397183,649625
1396164,649041
1394928,647919
1393612,646205
1391508,643765
1389625,641803
1388357,640711
1387876,640406
1386599,639996
1384478,639850
1383839,639908
1382076,640309
1378811,641372
1375351,643045
1371509,645132
1370567,645702
1369100,646801
1367862,647231
1366647,647228
1363682,646886
1362146,646681
1358708,645882
1354537,644303
1352356,643230
1350884,642318
1348565,640682
1345873,639306
1343260,638554
1341143,638509
1334432,637242
1315383,631446
1313536,630800
1312458,630253
1311040,629288
1308151,626736
1306111,624907
1304209,623641
1303043,623184
1297570,621473
1283318,618959
1275873,618035
1261461,617240
1248206,617223
1229299,617789
1226725,617961
1224363,618390
1222023,618912
1220322,619338
1216774,620705
1217751,613983
1217663,612744
1217383,612146
1216728,611286
1215587,610128
1213134,607930
1212535,607041
1212259,606592
1211961,605475
1212239,604034
1212455,603456
1212698,602910
1213666,601496
1215273,599985
1217508,599395
1219525,599414
1220163,599347
1221680,598728
1231325,585281
1231699,584008
1239507,576165
1243761,573820
1247413,572570
1261888,549079
1263417,543211
1263499,542596
1262667,540583
1261664,538686
1259002,536595
1258801,536092
1258716,535471
1260001,523442
1260142,522738
1260557,521488
1265538,509677
1268801,504994
1267702,499354
1277778,490017
1281674,488979
1283135,488115
1296383,478894
1297659,477837
1297880,477260
1297823,476639
1297568,476102
1296672,475506
1295464,475020
1294685,474924
1293648,474384
1293304,473935
1293046,473429
1293075,472782
1293325,472174
1294061,471341
1298333,467014
1302825,460936
1303729,459492
1303820,458693
1303792,458073
1303291,452618
1304409,452349
1305870,451610
1309290,449010
1310160,448337
1328003,428823
1330711,419914
1330869,417694
1330838,417136
1330668,416540
1330063,415646
1328791,414599
1327807,413997
1327172,413752
1326299,413156
1323727,411030
1323323,410640
1322156,409103
1319944,401365
1319593,400034
1316299,397338
1313783,393795
1313259,392937
1312625,391332
1312367,390176
1312167,388312
1311735,386623
1310776,385376
1301806,377352
1300531,376215
1298930,375498
1296840,374976
1294060,374797
1281697,369491
1274789,366273
1269811,362642
1269404,362255
1259486,362386
1252756,361690
1252027,360148
1243666,349047
1242908,348215
1241856,347743
1235377,345430
1234008,345101
1230738,344392
1229952,344302
1227438,344486
1220851,343535
1207466,338827
1206559,338209
1199767,332539
1195723,328820
1194136,327407
1189070,323810
1182217,319569
1177859,318283
1159138,307348
1154240,304265
1152764,302708
1152170,301826
1150591,298971
1149257,297357
1141484,289166
1141101,288784
1135291,284604
1134791,284311
1121410,274954
1090186,252933
1084651,249124
1081719,249789
1079548,250597
1076669,251419
1074250,251975
1071864,252347
1060644,251830
1059291,251582
1042108,245795
1030291,241346
1029932,240938
1029027,239594
1028725,239126
1028410,237979
1028455,237210
1028269,236652
1026294,234978
1014288,232264
1011372,232236
999760,229481
988495,226158
986332,225195
985885,224879
985610,224381
984660,222147
983704,218590
976420,202637
976116,202170
975754,201764
969013,196230
957670,188778
950632,185004
941840,180653
927827,167371
926927,166713
924244,165506
923649,165313
921713,165595
920572,165918
919861,165939
919180,165837
918221,165270
912564,160920
912286,160454
911873,159372
911768,158755
912042,155067
911908,154450
911015,153116
910651,152711
900945,143760
897919,142156
897409,141903
896785,141711
894682,141441
894230,141128
887612,134777
887246,134373
886321,133040
885547,130878
885710,128973
885888,128390
885923,127775
885729,127219
884092,123202
883340,121625
882047,119889
875988,113181
870637,106452
862295,86196
862331,85427
862070,82749
861398,81205
860692,80398
857489,77509
854359,75821
851740,74630
850140,74524
848798,74298
847204,73546
845810,72643
833299,63474
823445,52858
820793,48783
819636,48651
819180,48310
808351,39389
805850,35839
805257,34206
805232,33529
805758,31718
805545,28765
804907,24702
804795,24087
804400,23009
803974,22135
803603,21898
802957,21884
801710,21857
795946,21951
770741,22158
722944,22386
713396,22357
708521,22329
687046,22145
681710,32519
674996,49725
668044,67519
663665,73746
663010,74640
661102,76492
660276,77234
659903,77481
658453,78440
657885,79396
656016,83001
655081,85004
652603,92856
652237,94057
652127,94734
651791,102700
652033,105682
650276,114331
648752,117444
647904,118893
646477,118685
645934,118441
645733,117889
645493,115522
645507,112324
644995,107129
644211,104212
643952,103752
643205,102956
638386,97907
635028,94420
634654,94022
634452,93470
634216,92241
634294,90734
634404,90057
635498,86453
633601,79206
626929,67560
625053,55393
625475,54253
625586,53576
625525,52900
625146,51826
624222,50479
620158,46107
619726,45771
611762,41181
610924,41656
610280,42022
609194,42429
607964,42653
606502,42510
581515,34808
580478,34294
579031,32708
558207,33341
516043,34417
510008,35481
502103,36081
500667,35917
500063,35741
499023,35232
493923,31551
488168,24343
481994,16434
466170,5448
453967,816
451027,0
449863,1104
449512,2584
447115,13551
445308,21985
444465,27971
444450,28710
442919,32985
439029,37451
433196,39500
423621,42665
417036,44701
411218,46323
403745,46935
398887,50513
395648,66932
395424,72695
387704,75755
379925,78697
370141,83999
370724,89530
371370,95244
371500,97151
360294,105760
360016,106105
354343,117393
362656,125944
373586,137025
369115,150591
364697,163665
360403,176770
359243,180527
355528,195778
349965,218616
342138,250819
317857,262583
311573,265637
285546,278212
256394,292190
250163,295174
249897,295677
247784,300901
244879,306030
243996,306646
243436,306789
242730,306782
239565,305872
238914,305833
237853,306209
236649,307331
236355,307804
229550,319030
225243,326468
222154,333154
219886,338237
219511,339548
219397,340292
219357,342301
219518,342851
221632,348300
222283,349172
226639,351268
227210,351495
242539,374377
242803,375510
242799,376190
242598,376845
242247,377258
241251,377695
236040,379701
229451,381016
228878,381317
227861,382712
226757,384821
226585,385475
225358,391108
224957,393117
224494,393579
222590,398249
221727,400720
221185,402717
219703,410367
219338,412604
219217,415356
219265,416652
219450,417849
219849,419501
224509,431770
230179,442766
231060,445450
235636,463372
242242,489709
242345,490971
242234,491716
241778,492967
240305,494566
234882,500016
234074,500726
230581,503328
228506,505137
227699,505847
226949,506647
226348,507627
226092,508224
225725,509535
225200,513230
224945,516729
224763,522820
224787,524146
224861,526058
225225,530429
225679,532110
226053,533177
226507,534147
227366,535534
229807,539053
234560,544274
239280,549467
240727,551079
241986,552822
255539,572227
256361,574265
256492,574816
253349,586941
250382,588936
246650,591115
245296,591845
244289,592285
222377,601543
221225,600384
217686,598272
216614,597729
215196,597570
212400,597437
208654,597776
207531,598069
206528,598512
206070,598840
205331,599643
204708,600627
201918,605964
200169,609745
199249,612163
199088,613591
199225,614852
199734,616468
199976,616953
200592,617822
200647,618469
197383,626795
197160,627361
184648,653522
184371,654091
183780,655075
182283,656686
181857,657014
181153,657911
180903,658479
180740,659135
178315,668949
177783,673558
174996,687987
174206,690558
173025,693549
172301,695128
170896,696213
169755,696481
167811,696571
166011,696840
164301,697259
162855,698037
161554,698995
161188,699383
160799,699865
158953,706137
158223,710408
157846,711755
157325,712893
156468,714480
152424,719930
140234,735215
139873,735635
133143,741816
128402,745684
128517,761326
128285,764835
127955,765347
127534,765646
125446,766495
124695,767307
124393,767787
121075,774983
120991,777061
121274,781504
121718,783214
122422,784694
122883,785692
123501,787115
123909,788177
124062,790057
124041,790739
123917,791488
121151,800174
118839,814812
119353,820450
119334,821132
119011,823255
118827,823914
118259,824997
117213,826290
115458,827559
114509,828105
113417,828504
108947,828804
108385,828958
107938,829261
103203,836174
97166,845516
96970,846889
96910,848255
96847,853028
96883,853677
97329,855356
97791,856352
100387,861164
104770,873373
105293,874986
105494,876183
105939,879875
105958,881205
105716,882705
105178,884716
105089,886084
105214,887347
105735,888960
105980,889473
106944,890782
107448,891095
110492,892879
110735,893361
110875,893942
112098,901462
112282,903340
112733,914534
112635,916659
111932,921866
111498,924782
117590,935718
118566,936315
120285,937738
121141,939115
121626,940111
121843,940625
121930,941240
121676,945464
116134,960479
115898,961050
112789,965993
112434,966384
111971,966720
107424,968958
106311,969238
103861,969563
102461,969518
101021,969229
94092,974801
87382,988548
83969,997488
82634,1002092
79189,1017889
78958,1019390
78512,1025741
78475,1026456
78324,1030588
78494,1032499
78634,1033049
78878,1033561
79416,1034489
82616,1037519
82497,1041308
76518,1048739
70121,1051426
69236,1050054
68518,1049230
68018,1048920
67324,1048902
66832,1049149
66081,1049940
61774,1057031
61057,1058781
60807,1060316
59012,1074510
59144,1075773
59429,1076902
59496,1091786
58817,1098652
58229,1101512
58194,1102197
58336,1102746
58580,1103258
72392,1131532
73667,1133281
75361,1135376
75781,1135752
76772,1136372
77370,1136614
78790,1136896
80886,1136982
83490,1136757
84063,1136628
85124,1136221
86723,1135998
88144,1136313
88742,1136555
89974,1137657
93809,1141575
94445,1142435
94752,1143562
94882,1144826
94862,1145354
94692,1146046
92733,1153234
92478,1153839
92049,1154144
91537,1154393
90933,1154462
88959,1154553
87639,1154573
84601,1159165
88522,1173771
88692,1175651
88483,1178827
88531,1179785
89016,1180809
89407,1181156
90420,1181774
96032,1183328
97525,1186788
105675,1201256
106602,1203926
106604,1205258
106318,1208717
105739,1212100
105402,1212585
105177,1213188
105066,1213939
104986,1216021
105013,1217321
105284,1219164
108097,1231977
108577,1232970
109207,1233830
117816,1242319
118306,1242630
120051,1243360
122761,1244063
123325,1244307
123738,1244654
124079,1245098
124144,1245745
123975,1246405
121401,1253069
117054,1259689
114751,1264964
116081,1266753
116318,1267235
116623,1268362
116689,1269010
116654,1269694
116298,1271947
115937,1273302
115687,1273875
115354,1275229
115349,1277244
115654,1278371
116373,1279877
125267,1291475
126168,1292164
126871,1292183
127936,1291714
128328,1291319
128860,1290233
129357,1288994
129467,1288244
129661,1287581
130278,1286583
131399,1285337
132892,1284627
134077,1284431
134808,1284449
136158,1284802
137893,1285534
143531,1287985
144256,1288809
144494,1289291
147350,1299715
147412,1300331
147265,1301796
146870,1303027
146564,1303540
145050,1305180
144741,1305663
144459,1306144
143706,1307894
139691,1319226
139581,1319977
137908,1343564
137830,1345645
138280,1350048
140574,1357096
145287,1379705
148925,1393301
149471,1394228
149537,1394874
149371,1395535
148624,1396355
148180,1396662
142858,1400057
138536,1400047
137176,1399698
135644,1399484
133752,1399664
130303,1400470
129278,1400938
128192,1401832
128033,1402009
127623,1403244
127583,1404641
128254,1409527
129204,1413528
129270,1414174
129236,1414858
129073,1415520
120910,1429126
120307,1430127
119979,1430613
113878,1444718
109332,1466418
104706,1482731
104561,1483582
104707,1486860
104814,1488808
105126,1491889
105666,1494209
105713,1497525
105656,1498925
105568,1499520
105171,1500788
104493,1501672
103619,1502321
97917,1505691
95092,1506446
91986,1506848
90664,1506878
90173,1507130
89735,1507440
88739,1508844
88023,1510601
87657,1511930
87558,1512682
87672,1513947
87840,1514525
88316,1515515
89609,1517255
91027,1518242
91529,1518517
101826,1523975
105332,1540549
105498,1551024
105232,1552283
104503,1553109
104182,1553597
104084,1554380
104127,1554997
105407,1558104
108991,1564898
112496,1571729
112734,1572240
112873,1572789
112748,1573542
112456,1574059
112079,1574457
110962,1574751
110474,1575002
110015,1575314
109290,1576139
108972,1576658
107521,1580140
106893,1581984
106837,1583353
107731,1591079
107967,1591559
109664,1602858
107593,1609759
106955,1610899
106348,1611904
105462,1612556
104487,1612998
103353,1613326
101398,1613433
100038,1613065
99441,1612829
93007,1614004
83405,1626532
82358,1633813
82431,1634459
82906,1635449
83167,1635926
84117,1637222
85069,1639233
85212,1640495
85092,1641249
84682,1642490
84311,1642921
83454,1643544
63427,1652132
62393,1652398
60262,1652094
57096,1651477
