124936,3310396
121599,3304644
121100,3303611
120891,3303061
120798,3301674
120891,3300156
120860,3298705
120625,3297446
120207,3296348
119835,3295960
119320,3295700
118703,3295538
118010,3295563
109078,3297255
108692,3297609
108196,3299513
107776,3300642
107335,3301772
106661,3303405
105968,3305071
105441,3306111
105122,3306587
98825,3313203
98012,3313916
97422,3314897
94074,3320876
93976,3321561
94005,3322270
94216,3322818
94508,3323270
95524,3324558
111071,3339744
112136,3340260
112809,3340359
113432,3340243
121065,3338600
121600,3338394
122411,3337655
124045,3335432
125008,3334841
129356,3332370
129894,3332166
131438,3340519
131493,3340918
130703,3341626
128497,3342475
127318,3342795
126630,3342851
125324,3342557
122789,3341195
122096,3341096
121473,3341212
116025,3342525
115469,3342732
114899,3343680
112460,3348254
112361,3348938
113302,3351747
113719,3352844
114068,3353232
115708,3354685
116159,3355040
119114,3356011
120421,3355839
120910,3355544
121596,3355487
123046,3355806
122021,3356276
120845,3356628
119386,3356619
117943,3356488
116639,3356196
114597,3355098
111697,3351993
111082,3351172
108132,3345391
108449,3344945
108700,3344410
108572,3343797
106548,3339022
102553,3335840
102020,3335582
100198,3335036
94049,3334605
93293,3334574
92670,3334692
91644,3335199
89429,3336775
89005,3337163
88689,3337610
79465,3352601
79197,3353138
79333,3353843
81362,3356384
81734,3356769
86710,3358999
88445,3359606
89158,3359730
94184,3360262
97376,3359854
98180,3359110
99606,3358279
105156,3356296
105777,3356179
106483,3356120
111411,3356833
111999,3357181
112208,3357414
112197,3357786
124656,3359396
128343,3359419
130729,3359736
132003,3363401
132598,3364369
133046,3364694
133553,3364923
134245,3365054
140355,3366083
148613,3362167
149638,3361671
150513,3361026
151322,3360289
152067,3359463
152641,3358487
155039,3342963
155096,3341416
154850,3340188
154278,3339248
151647,3337969
151589,3337446
153854,3331567
154110,3331034
154431,3330592
154925,3330299
155380,3330161
158375,3333748
158662,3334233
158867,3334783
160360,3340733
160484,3341378
160379,3342061
160122,3342563
158819,3344363
157750,3345599
156638,3346777
155421,3347957
155081,3348400
154592,3349465
154402,3350058
154297,3350741
154219,3352289
154343,3352903
156364,3357662
156934,3358602
171568,3375538
172316,3376321
174095,3377631
175067,3378222
175593,3378485
176199,3378654
177736,3378737
178420,3378687
180702,3377946
182624,3377649
184865,3377653
185553,3377758
190423,3379211
193068,3380475
193852,3381197
194154,3381684
194144,3382147
193654,3382437
178014,3381355
174799,3380577
173587,3380240
172535,3379714
171121,3378826
169117,3376967
168550,3376025
168348,3375475
168165,3374151
168164,3372700
167962,3372150
167516,3371822
162598,3371285
161913,3371337
161509,3371720
161319,3372312
161215,3372995
162352,3380501
162533,3381052
167261,3387463
167908,3388341
174529,3395538
174891,3395930
181177,3399745
182768,3400506
183513,3400548
184618,3400149
187191,3398105
187979,3397375
188638,3396462
188895,3395961
189086,3395339
189193,3394656
189364,3392428
189106,3391199
188949,3389875
189056,3389192
189511,3389211
190074,3390155
190414,3391352
190509,3392709
190402,3395028
190252,3396484
189931,3398531
189676,3399062
189036,3399943
188292,3400765
185146,3403750
181776,3403621
179823,3402438
178071,3401836
175251,3401481
174550,3401531
173998,3401732
171475,3404615
171178,3405055
170904,3405588
170735,3406180
170128,3409534
167253,3402881
167012,3398130
166607,3397030
153378,3386089
152936,3385917
146830,3388090
139342,3388524
138656,3388423
134731,3387012
132799,3385100
132593,3384552
132306,3384067
131577,3383351
131048,3383091
129671,3382861
121188,3382951
114109,3383402
112853,3383667
111834,3384138
111380,3385269
112083,3386849
116969,3394887
123834,3408171
123658,3408456
122860,3409196
122375,3409492
121910,3409757
121296,3409903
120669,3409710
119878,3408998
116321,3405608
115987,3404445
115433,3401282
114516,3396247
114182,3395085
113145,3392343
112462,3390761
111968,3389760
111392,3388793
110241,3386920
109871,3386503
106304,3383890
104959,3382923
104429,3382666
96843,3379880
96309,3380057
89079,3384905
88746,3385352
87582,3387288
87335,3387794
86952,3389016
86856,3389701
87777,3393279
88597,3394018
89814,3394368
90500,3394463
92655,3394433
93270,3394284
100140,3399195
107187,3406735
117497,3415394
128421,3419102
121953,3420915
120456,3421682
120057,3422037
119723,3422483
119685,3423102
120050,3423490
120595,3423748
124371,3423416
126051,3423658
127389,3424940
129419,3427381
136052,3429279
136064,3442632
134685,3444257
126835,3438944
123630,3436712
123092,3436608
122610,3436904
119573,3439213
118842,3440014
112208,3447411
109334,3451514
109067,3452019
108887,3452645
109014,3453258
111138,3459265
111422,3459748
115065,3464429
115427,3464817
115890,3465139
116491,3465333
118423,3465042
119991,3464332
121497,3463565
124156,3462444
126174,3462246
130229,3462933
132649,3463680
133190,3463939
133552,3464328
134137,3465265
134402,3465813
134131,3466077
129916,3464459
128539,3464262
123171,3464027
121468,3464546
120337,3465262
118075,3467234
116358,3467738
114104,3467017
111438,3464788
110564,3465441
106918,3472421
106675,3472956
106136,3474772
106105,3475546
106201,3478387
106328,3479001
107360,3483350
107566,3483899
108135,3484865
109475,3487748
110762,3491408
111403,3513460
112370,3533492
114424,3542934
122373,3552888
123108,3553695
123999,3554341
125278,3554631
125916,3554483
126714,3553773
127385,3552882
127805,3551722
127984,3551128
129714,3536469
130211,3530267
132878,3520801
136833,3513054
137588,3511481
137627,3510862
136918,3502850
136513,3501751
136009,3500749
136790,3496950
146423,3495071
147793,3495273
148389,3495469
151569,3496972
152106,3497232
152544,3497558
153122,3498498
153166,3499207
153066,3499890
152736,3500334
151568,3500650
150495,3500159
149699,3499413
148941,3498635
148223,3497824
146810,3496913
146096,3496813
144737,3496891
143549,3497240
143007,3497444
141804,3498536
141145,3499425
138920,3502625
138124,3504816
140348,3520813
140795,3522591
141017,3523139
141576,3524109
145065,3529089
145421,3529479
146332,3530128
146846,3530389
148921,3530732
151644,3531897
152080,3532222
152671,3533037
149494,3533421
147745,3533047
146677,3532527
143671,3530869
143235,3530543
142500,3529734
141901,3528796
141499,3527698
141376,3527084
141175,3526534
140597,3525596
138433,3523880
137897,3523620
136612,3523326
136073,3523531
135662,3523916
135334,3524361
134889,3525490
132622,3540351
132668,3541060
133650,3548073
133794,3548686
134451,3549590
135438,3550142
142190,3552065
142955,3552100
144278,3551930
145371,3551522
147166,3551058
147932,3551094
148542,3551259
150572,3552365
150927,3552755
151225,3553240
151487,3554467
151230,3558216
150952,3559524
150916,3560267
152636,3566639
152912,3567124
153443,3567385
154908,3567368
155525,3567224
157691,3567184
158376,3567286
158906,3567548
159358,3567873
159711,3568263
160303,3569202
161904,3572891
163524,3577879
162836,3581455
161542,3576025
160952,3575086
160225,3574274
155862,3570180
154039,3569622
153353,3569521
152138,3569160
151155,3568575
150426,3567765
149279,3565886
148660,3564238
147181,3559714
147019,3559101
147219,3558507
147317,3557823
147117,3557273
146762,3556884
146309,3556559
145756,3556300
145166,3556104
135611,3554371
133900,3554927
125069,3558133
124578,3558431
124189,3558785
119346,3563952
118824,3564994
118728,3567162
119340,3572488
119465,3573101
120464,3576588
120744,3577071
121497,3577877
122098,3577884
122653,3577708
128970,3575734
137981,3573825
138201,3574373
137770,3577419
137280,3577715
134940,3578388
134318,3578348
132748,3577603
131965,3577570
128868,3578335
125101,3579871
118219,3583634
117897,3584080
117658,3584616
117782,3585229
119810,3591457
120012,3592006
121541,3594296
122503,3594877
136547,3601487
143118,3604003
150775,3607013
151224,3607338
151620,3608437
152098,3610215
152219,3610829
152263,3611539
152272,3612991
152176,3613675
151626,3613878
134904,3607237
131295,3603476
127911,3599955
127460,3599632
124256,3598859
120118,3598218
119436,3598121
118968,3598418
118647,3598864
118130,3599905
117696,3601036
117502,3601662
116975,3604931
117042,3605609
117321,3606092
129670,3626204
131513,3628205
132411,3628852
132936,3629111
134314,3629337
134925,3629191
135411,3628925
153868,3636093
154411,3636353
154761,3636743
154824,3637451
154482,3637896
154016,3638159
153388,3638304
152080,3638318
148118,3637681
146896,3637322
130105,3630300
124950,3624840
123316,3622182
123408,3621498
123361,3620789
119856,3616660
119404,3616308
118723,3616211
113239,3617315
108945,3616024
102752,3618299
101822,3618865
98863,3621252
96492,3624296
95181,3626087
95009,3626682
94900,3627368
94811,3628918
95084,3630144
95815,3630947
111426,3645367
124229,3653846
125275,3654331
136688,3654234
137257,3655171
140197,3658371
145864,3662372
146928,3662891
150051,3663709
152926,3664754
154063,3665179
154355,3665663
154241,3666347
153759,3666642
153072,3666696
144976,3665094
143762,3664736
142719,3664248
141751,3663664
140841,3663017
140121,3662209
138839,3661143
136979,3659913
130681,3657739
130143,3657636
125540,3659052
125140,3659408
124885,3659944
125027,3660558
129683,3673272
135204,3684472
138230,3690821
138276,3691531
138493,3692079
143638,3697673
144327,3697771
150768,3698283
151309,3698079
151788,3697784
152586,3697045
158965,3690490
159542,3689542
159894,3688325
159928,3687551
159647,3685612
159099,3683900
158746,3682736
158660,3681348
160354,3672543
161795,3666065
162088,3664757
162674,3663409
163335,3662522
174380,3649658
175188,3648923
175796,3648781
176164,3649203
176204,3649882
173981,3658696
173720,3659199
173077,3660115
172272,3660850
171385,3661495
170355,3661991
169183,3662305
167807,3662410
167261,3662613
166375,3663259
165795,3664236
165617,3664860
165425,3666227
165466,3666905
165585,3667550
166147,3668491
170200,3672877
170567,3673267
171106,3673529
173680,3674099
175907,3674279
177194,3674549
177655,3674876
181443,3678041
181668,3679735
180205,3683425
179865,3683899
179403,3684159
178712,3684056
177810,3683403
177521,3682948
177328,3682397
177056,3681169
177016,3680459
176397,3678808
176031,3678417
173186,3676618
172591,3676420
171977,3676253
171189,3676216
169959,3676470
164740,3677996
164197,3678230
163395,3678936
162221,3680890
161963,3681424
161786,3682018
162398,3692942
157840,3707099
155465,3703377
155100,3702987
154217,3702337
153067,3701914
137794,3702712
137172,3702829
135055,3703744
134118,3704306
131638,3706443
130399,3708285
130147,3708820
129956,3709446
129736,3710816
130953,3720449
131150,3720998
131442,3721481
131809,3721870
132250,3722192
132787,3722450
133473,3722547
137360,3725336
138788,3736818
139348,3737755
139714,3738175
140154,3738499
142485,3740050
142941,3740312
155247,3743427
156025,3743462
157057,3742993
158718,3741607
165321,3735141
165514,3734517
165513,3733899
165396,3733283
164991,3732215
166416,3731994
167379,3732075
168524,3733801
171056,3745036
171063,3746488
170728,3746932
170202,3746856
169971,3746307
169908,3744918
169729,3743594
169594,3742980
169382,3742430
167756,3739545
167011,3738734
166479,3738474
165775,3738373
165239,3738575
164187,3739693
163872,3740135
163772,3740664
163740,3741439
163782,3742118
170590,3762673
176836,3779729
177865,3782480
178000,3783094
178024,3784547
177658,3785764
177325,3786207
176694,3786320
175828,3781987
175410,3780918
171775,3772622
169867,3768479
169581,3767993
162529,3760402
162074,3760076
156571,3757605
156017,3757810
155704,3758253
155148,3760097
154604,3762219
154407,3764885
156737,3785708
160298,3786853
164737,3787816
166992,3795565
170883,3803632
171261,3804053
171869,3803909
172201,3803466
177142,3795859
185829,3792167
186381,3791965
187011,3791822
187686,3791927
187820,3792573
187645,3793164
186979,3794050
184272,3796695
183861,3797078
182095,3798367
181643,3798659
180106,3798582
179476,3798725
179066,3799077
178813,3799610
178947,3800224
179439,3801261
187375,3816915
192976,3827823
193183,3828373
192950,3828906
191446,3829690
190905,3829427
190476,3829100
185510,3821144
185230,3820689
179751,3810248
179543,3809698
179410,3809084
179121,3807145
178892,3806596
178386,3806333
176050,3806993
175640,3807377
174998,3808262
174885,3808946
175094,3809496
178180,3816270
178690,3817182
180772,3823636
180831,3824314
180696,3827379
180602,3828062
180643,3828772
181455,3831004
182036,3831945
183140,3833149
196878,3844192
198236,3845145
198755,3845409
199443,3845513
200145,3845464
200943,3844731
201369,3843608
201695,3841559
201731,3840784
201638,3839396
197173,3803842
196532,3799285
196400,3798669
196061,3797504
194407,3793160
193560,3791731
193184,3791338
192863,3790173
192772,3788259
193224,3788586
193881,3789433
196043,3792620
196907,3794019
197528,3795671
197660,3796286
199145,3804469
199296,3806567
200031,3817645
201581,3830031
203722,3835415
203947,3835966
204374,3836295
206438,3836613
207983,3836698
209415,3823030
209688,3821725
210079,3820510
210569,3819478
210883,3819006
213758,3817324
214288,3816940
218163,3814902
222858,3812794
224273,3811929
224687,3811580
225001,3811109
225258,3810578
225437,3809988
225200,3808756
224624,3807811
223879,3806992
222687,3805875
222164,3805639
221535,3805746
221081,3806034
219802,3807052
218995,3807781
215690,3810243
215183,3811146
214947,3811374
208028,3814131
207420,3814271
206803,3814100
206281,3813836
206000,3813348
205944,3812669
206199,3812137
206670,3811847
207220,3811648
210951,3810876
212249,3810720
214038,3810276
214587,3810047
215531,3809468
216278,3808678
220148,3802840
220248,3802158
219840,3801086
217658,3797922
216182,3796317
215379,3795594
214030,3794606
213432,3794434
212817,3794418
211457,3795348
211063,3795697
210512,3795926
208992,3795840
206931,3795520
205693,3795181
204644,3794682
204195,3794353
203557,3793473
199108,3784316
199527,3783409
199921,3783027
200474,3782827
201876,3782729
202553,3782835
203080,3783100
207128,3785717
221139,3795679
232030,3799992
232478,3800323
232830,3800718
233127,3801206
233552,3802280
233862,3803448
234083,3804000
234361,3804458
234827,3804788
238935,3807337
239626,3807448
245247,3807006
246136,3806373
249366,3802579
249685,3802141
249944,3801611
250126,3801021
250910,3797362
251013,3796681
250889,3796065
250317,3795116
249945,3794721
249498,3794388
248882,3794213
245084,3793289
241573,3792363
240994,3792187
239929,3791681
239481,3791350
229662,3781714
220934,3774297
220484,3773968
215137,3771183
214009,3770777
209227,3769253
208529,3769146
207976,3769346
205976,3771188
205501,3771478
204411,3771876
203719,3771925
202438,3771648
201364,3771120
201006,3770727
200422,3769785
200290,3769170
200392,3768642
201321,3767226
202113,3766495
202668,3766295
207326,3764942
208495,3764604
210900,3764175
213386,3765600
214079,3767160
214961,3768560
215674,3769378
225040,3775228
230464,3777619
231760,3777902
234377,3777788
237120,3778199
237739,3778373
238807,3778878
239686,3779541
242876,3782513
243230,3782908
253631,3794784
253907,3795275
256480,3801755
257633,3815983
257433,3816603
256933,3817630
256278,3818537
255546,3819352
254696,3819983
253654,3820494
253046,3820627
245620,3819608
245176,3819276
244016,3819605
243345,3820513
243087,3821043
243004,3821724
243035,3822404
243811,3829497
244431,3831125
245015,3831856
251510,3839872
256044,3845270
256391,3845698
256975,3846616
257317,3847784
257346,3848495
256187,3859391
256083,3860072
255885,3860693
255313,3861660
249855,3866941
246209,3869384
233687,3874658
228367,3876747
226928,3876592
226468,3876263
226100,3875868
225899,3875316
238917,3867694
247273,3864235
247760,3863948
248151,3863570
249600,3861939
249952,3861500
250446,3860441
252888,3848658
252913,3847915
252497,3846809
251315,3844233
248191,3838259
247624,3837342
246887,3836520
246414,3836653
243933,3835244
241923,3832153
241258,3831423
241007,3830779
240975,3830371
241048,3829944
241648,3825860
241750,3825178
241718,3824499
241443,3824009
241054,3823614
234726,3819130
234204,3818862
233515,3818783
232906,3818888
230528,3820327
229723,3821054
229466,3821585
224482,3835568
224683,3844775
224810,3845390
228676,3848459
229229,3848571
229678,3848284
230011,3847845
230976,3844888
231172,3844266
231450,3842993
231491,3842220
231365,3841604
231070,3841116
230962,3840500
230988,3839912
232781,3835456
233037,3834926
233352,3834486
235293,3832501
235438,3835799
235848,3835772
236082,3836009
236259,3836302
236323,3836671
236405,3837912
232438,3852306
230465,3855067
229858,3855018
227287,3853681
226843,3853351
221762,3846724
221645,3842338
221899,3841807
221998,3841124
222148,3834229
221779,3833835
221333,3833505
220739,3833333
219420,3833178
218326,3833605
213907,3836027
209362,3838580
206078,3843361
206002,3844878
205093,3847900
204588,3848964
204276,3849404
203868,3849755
202934,3850336
199353,3851328
198573,3851318
197348,3850949
189036,3845897
186729,3848191
186244,3848484
185622,3848688
184920,3848739
184233,3848605
183340,3847984
175529,3836599
174905,3834949
174315,3832556
173691,3830906
173052,3830030
172510,3829800
171819,3829668
171288,3829747
170819,3830010
170320,3831077
170130,3831671
169907,3833039
169765,3834497
170035,3835756
170451,3836825
170942,3837860
171525,3838799
176458,3845512
177020,3846311
181121,3853090
182679,3863123
182739,3863802
181609,3868350
181439,3868974
180941,3870010
180458,3870303
179848,3870136
179270,3869196
178897,3868775
178452,3868448
177860,3868282
177239,3868394
176834,3868778
176508,3869221
176149,3870439
176039,3871122
175942,3873414
176074,3874028
176281,3874578
179927,3884172
181161,3886267
184148,3886485
184591,3886812
184631,3887491
184460,3888114
183946,3889150
183324,3889138
182510,3888421
181993,3888159
181375,3888271
179103,3889177
175680,3893491
175589,3894174
174969,3906936
175247,3907421
175617,3907811
180978,3909959
181996,3907702
184181,3903645
184488,3903203
188038,3899385
195480,3892553
197134,3891795
199009,3892857
199789,3895958
199025,3897556
199022,3898143
199429,3899245
199704,3899732
200072,3900125
200974,3900780
202113,3901213
203399,3901488
203879,3901197
204533,3900314
209552,3892177
210322,3890612
210572,3890080
210764,3889457
210860,3888774
210805,3888096
209686,3882528
211448,3880599
215952,3879562
217192,3879316
218587,3879221
220707,3879482
227188,3880759
228788,3881498
229137,3881892
229356,3882444
229481,3883059
229442,3883833
229339,3884361
228952,3884739
228344,3884567
227484,3883133
226584,3882473
223457,3881800
218889,3880853
217584,3880729
216969,3880841
215474,3881614
214738,3882435
214488,3882967
204877,3906240
205232,3910466
207286,3913010
207342,3913689
206459,3914330
205844,3914469
196199,3915444
194498,3913606
188583,3913283
187890,3913304
185243,3914435
184440,3915171
184499,3915850
184703,3916400
185071,3916790
198564,3924282
206818,3925234
202128,3930862
201528,3930817
192819,3936442
192418,3936794
192326,3937477
192438,3938092
192659,3938642
193391,3939456
201175,3945822
201631,3946150
202140,3946414
209248,3949162
209868,3949363
214484,3948690
215114,3948582
217000,3947361
217401,3946980
223959,3944818
224360,3944437
224609,3943937
226141,3940781
226295,3940159
226334,3939416
226434,3935488
226381,3934809
224468,3927742
222144,3920901
223743,3917990
225303,3915699
226092,3914971
227399,3914787
231445,3913865
235843,3909851
238820,3906701
243261,3900281
243825,3899312
244002,3898722
244122,3898039
244072,3897330
243947,3896714
243623,3896313
242688,3895686
234799,3893335
230032,3896648
228800,3895314
235359,3885628
235799,3885959
236425,3886132
246876,3885813
252427,3885286
252701,3884757
253498,3884032
254451,3883461
260680,3881448
261843,3881092
262617,3881143
263419,3881842
262894,3882826
262878,3883290
262770,3883643
262616,3883961
262417,3884242
262182,3884449
260206,3885103
259143,3884593
258556,3884416
257860,3884458
256907,3885029
255718,3886129
252525,3890105
252347,3890727
252544,3891280
252834,3891739
260474,3898047
261097,3898224
261638,3898030
264592,3890200
265994,3886429
266466,3885496
267421,3883641
268375,3883071
268919,3882849
270763,3882547
280634,3881936
295162,3883625
305276,3885845
314058,3887224
315509,3887342
316826,3887183
317296,3886903
318387,3886498
319856,3886618
321138,3886986
321950,3887725
322516,3888651
325162,3895073
316041,3899638
315010,3900136
313303,3900668
311370,3900985
308744,3901307
303807,3901550
300050,3901327
298001,3901001
296779,3900640
296269,3900365
294834,3899387
293735,3898191
289179,3895171
278849,3896078
278383,3896392
277735,3897265
277459,3897793
277192,3899094
269554,3908397
269147,3908773
261408,3915556
258388,3916436
250482,3913937
241199,3908479
228132,3917491
225350,3921200
226062,3929654
226205,3930269
228319,3936436
230387,3939823
230789,3939443
231268,3939155
231631,3939549
231283,3940762
229938,3944933
229688,3945433
229038,3946343
227432,3947800
227183,3948331
227400,3948883
232436,3953071
232870,3953402
233469,3953575
234174,3953530
234651,3953241
235302,3952363
235878,3951393
236203,3950953
236605,3950574
237770,3950242
238475,3950197
243046,3951006
246124,3952586
246484,3952982
246606,3953598
245996,3953733
242494,3953273
240137,3952483
239523,3952464
239122,3952812
237191,3956652
237091,3957180
237379,3957668
240103,3960304
242989,3962784
243892,3963447
244251,3963842
244538,3964300
243242,3969301
242691,3969528
240067,3969856
238519,3968341
233631,3960465
227716,3955615
227263,3955316
226664,3955113
223832,3954774
223127,3954822
218251,3956049
203182,3954641
203162,3955260
203363,3955811
203636,3956267
208961,3963176
209687,3963960
213747,3967598
214200,3967927
215340,3968332
216029,3968439
217398,3968343
218014,3968545
219063,3969045
226057,3974385
226418,3974810
227281,3976213
227642,3976607
228093,3976937
232950,3980140
241950,3984966
254930,3995244
255305,3995639
256975,3997622
257674,3997579
264027,3996462
265313,3994991
264965,3993821
264142,3991669
257978,3981903
257529,3981509
257008,3981239
256395,3981064
255769,3981197
255368,3981544
255119,3982074
254945,3982694
254369,3983662
253743,3983765
253131,3983590
252773,3983194
247960,3977343
247674,3976854
246835,3973376
246766,3972666
247412,3972562
247771,3972957
248269,3973969
248464,3974521
249626,3976418
249985,3976813
250434,3977114
251478,3977622
253444,3978021
254240,3978069
255304,3977650
255799,3977364
256199,3976987
256507,3976549
262622,3964957
262593,3964246
262217,3963850
261767,3963517
260556,3963165
259868,3963051
259184,3963124
258422,3963073
256816,3962326
255861,3961754
254437,3960850
254150,3960360
254193,3959587
254350,3958997
254620,3958467
255155,3958273
257499,3957463
258128,3957329
261856,3958323
262380,3958593
263261,3959230
264733,3960909
265852,3961325
267154,3961616
267765,3961484
275769,3959310
276709,3958743
277112,3958367
277441,3957931
277620,3957342
277593,3956631
277456,3956015
276467,3953987
275733,3953192
266389,3945277
265956,3944944
265505,3944640
264907,3944433
258976,3944860
254711,3945855
253544,3946183
252929,3946132
252496,3945831
253057,3944831
253460,3944485
254880,3943627
255971,3943208
269346,3939489
270037,3939604
274957,3941272
275481,3941544
276576,3942736
277733,3944608
277926,3945162
278705,3946636
278990,3947128
279274,3947588
279934,3948477
280668,3949272
282375,3950645
282898,3950886
283587,3951003
285055,3950988
288558,3949996
289095,3949775
295374,3939709
296126,3938158
296283,3936705
296446,3936086
297242,3935368
302268,3931224
316513,3922038
333657,3912617
340100,3913055
345210,3914270
345734,3914518
346537,3915231
348828,3919039
349440,3920648
349493,3921358
349304,3921945
348551,3923519
335550,3946299
334582,3947658
333783,3948368
332426,3949389
330994,3950254
329285,3950780
328597,3950843
327129,3950844
325753,3950630
324453,3950663
308163,3959495
307682,3959776
307387,3960087
305906,3967141
305691,3968502
305314,3973634
305474,3975704
306330,3980025
306883,3986543
306776,3987254
306614,3987842
304338,3992584
303587,3993392
302175,3994236
301642,3994456
294060,3997417
290822,3999484
290286,3999211
290097,3998687
289992,3997298
290070,3995782
290249,3995163
290577,3994727
292210,3994095
292835,3993965
294321,3993211
300540,3989580
302612,3987805
303749,3986653
304059,3986188
304588,3985165
304709,3983712
304667,3983001
301499,3964510
301232,3963246
301042,3962722
300816,3962166
300272,3961213
299285,3960632
298506,3960606
291773,3960629
291069,3960666
290533,3960887
290128,3961231
289799,3961697
289289,3962753
289109,3963342
288985,3964023
288746,3966157
288734,3966930
288821,3968319
289055,3969554
289590,3973474
289929,3976097
290059,3978167
290047,3978939
289122,3980042
285740,3982410
283447,3983918
278537,3985548
277287,3985809
276529,3985756
275325,3985400
274787,3985160
274580,3984761
274906,3984324
275859,3983756
279683,3982290
280159,3982006
283552,3979806
284029,3979493
284338,3979056
284592,3978528
284894,3977258
285101,3975866
285237,3972836
285193,3972125
285014,3970829
284477,3969103
283523,3966301
282912,3964669
282630,3964209
282108,3963936
272535,3963307
271220,3963323
270816,3963700
262169,3971886
260338,3980383
260237,3981064
260285,3981775
260478,3982328
262579,3986994
263924,3989417
264509,3990366
267468,3995022
271504,4000871
282884,4012450
283328,4012785
287384,4014938
295030,4017188
300410,4018569
310137,4025805
311200,4026326
314917,4027329
317569,4027660
319033,4027656
322031,4027864
324866,4028229
326603,4028690
327134,4028936
337913,4034467
341184,4033236
353168,4027863
353976,4027126
356664,4023645
356996,4023215
357827,4021736
358255,4020595
358441,4019978
360664,4006392
361011,4003582
361001,4002129
360815,3999347
360639,3998047
360356,3996130
360105,3994892
359386,3991860
358537,3989554
358243,3988454
357739,3985979
357562,3984649
357425,3982578
357370,3978992
359970,3960126
360394,3957377
360754,3956174
361524,3954602
361842,3954141
362646,3953343
363621,3951989
364411,3950418
369654,3935591
369790,3934882
369991,3928085
369960,3927405
369833,3926786
369557,3926227
369111,3925884
368050,3925382
367717,3922475
369989,3906238
378595,3904735
388333,3903167
388780,3903481
389378,3903673
390147,3903714
390768,3903566
391787,3903084
412617,3890987
413493,3890353
413968,3890052
415542,3889367
431056,3882853
437810,3880953
438394,3881893
439404,3883152
439945,3883410
440394,3883606
446248,3884850
447038,3884900
447571,3884696
448031,3884398
448839,3883675
450074,3882002
453699,3878536
455082,3876809
455746,3875929
459872,3869758
460113,3869239
460298,3868625
460392,3867948
460680,3861958
460738,3860445
460718,3858992
460850,3858315
461093,3857702
461353,3857184
461929,3856209
463207,3855192
464151,3854630
475364,3849993
476381,3849651
479842,3849567
481377,3849644
483535,3849895
484119,3850067
485709,3850858
486679,3851445
488984,3853001
489894,3853648
490706,3854385
491421,3855181
492599,3856301
493777,3857422
495129,3858425
497239,3859422
498440,3859802
506212,3861523
507599,3861447
515705,3862174
526596,3864445
527910,3864745
528952,3865250
529678,3866052
531590,3870645
532325,3865262
532102,3865160
522795,3862225
517849,3861140
512500,3860138
505646,3858750
502231,3855972
498515,3853032
494811,3850189
492023,3848830
478466,3842694
475158,3842629
474396,3842669
462881,3842293
442252,3832555
433970,3828547
430211,3826773
426448,3825094
421756,3825008
418762,3824956
396487,3824747
380868,3824573
341659,3824351
310001,3824335
295163,3824301
292753,3816225
293029,3814925
293094,3813535
293007,3812176
292749,3810911
292142,3809278
291193,3807958
282758,3798674
279413,3795989
277634,3794711
276204,3793800
274622,3793045
274025,3792867
271199,3792499
270582,3792322
268998,3791569
268628,3791172
268334,3790681
260757,3771041
262894,3769373
264093,3768275
264434,3767806
264942,3766780
266841,3758568
266948,3757887
266586,3753813
266471,3749489
266794,3747445
267567,3745860
268293,3745048
269481,3743952
270472,3742611
270964,3741554
271170,3740964
271180,3740192
270979,3739639
270405,3738718
270031,3738291
268423,3736859
267972,3736524
266995,3735950
265412,3735198
263627,3733893
262226,3732213
261947,3731722
261246,3730157
260369,3727296
260321,3726617
260554,3725223
260721,3724634
264172,3717944
264558,3717569
265741,3717243
267885,3717340
268507,3717208
268990,3716925
269346,3715715
269484,3714262
270810,3697996
270859,3697222
270233,3695593
269751,3694549
268390,3692124
267810,3691174
266496,3689429
264668,3687446
263807,3686036
263700,3685389
263710,3684647
263818,3683935
264363,3682136
265971,3678964
266298,3678527
266815,3677470
266984,3676881
267094,3676200
267123,3675427
266919,3674874
266638,3674414
261485,3671022
253605,3669838
252210,3669921
251583,3670054
250409,3670381
249474,3670953
249067,3671330
247760,3673112
246241,3676288
245914,3676726
245041,3677359
244494,3677584
243928,3677779
243242,3677821
241864,3677598
240280,3676854
239384,3676190
238363,3675065
237718,3674212
237434,3673723
236312,3672538
235873,3672206
235339,3671969
234668,3671858
234041,3671963
232948,3672385
226007,3676076
223701,3677575
222506,3678682
222162,3679122
220541,3681350
220278,3681881
219386,3683291
218719,3684202
217992,3685021
215994,3686858
213615,3688272
211419,3689095
209628,3689570
208178,3689573
207127,3689073
206668,3688744
205560,3687535
204989,3686591
204589,3685488
200697,3670381
199003,3660256
198908,3658837
197482,3643977
197425,3643743
197022,3642259
196677,3641124
196288,3639867
193457,3633760
192703,3632266
192027,3631387
191312,3630572
190925,3630181
184749,3625559
181182,3622939
178854,3621369
178405,3620979
177745,3620102
177373,3618228
177409,3617454
177909,3614812
178271,3613597
179202,3611406
179792,3610431
180443,3609547
180850,3609165
181521,3608280
181765,3607748
182048,3606473
181969,3605084
181540,3603984
180449,3602778
180079,3602387
178444,3600951
176004,3598673
175635,3598282
174990,3597404
174774,3596855
174734,3596176
176748,3588576
177014,3588073
177667,3587159
178401,3586272
179464,3585005
181063,3583538
181799,3582745
182517,3581921
182782,3581388
182946,3580796
182906,3580118
177649,3561445
177256,3560345
176373,3558948
173800,3556149
172638,3554946
172342,3554461
172125,3553911
172085,3553233
172205,3552549
174842,3542891
175027,3542299
179981,3527788
183005,3527519
201526,3526488
203846,3526371
207463,3522858
207635,3522391
207361,3521934
206908,3521604
201414,3520698
200984,3519890
200768,3519338
200594,3518015
200741,3516558
207395,3500276
207647,3499745
212537,3492161
213837,3490280
214635,3489552
216460,3488340
219059,3487142
220170,3486718
220861,3486674
223082,3486846
223710,3486740
226728,3486033
228867,3485127
230760,3483981
232085,3483029
234109,3481202
242904,3472250
244539,3470001
244971,3468882
245340,3467672
245418,3466126
245289,3461835
244938,3457733
244568,3453662
244405,3452367
243461,3445866
242971,3443372
242460,3440910
242032,3439804
241512,3438115
241112,3436237
241029,3434849
241219,3433950
242057,3432454
242721,3431548
243105,3431202
243979,3430539
244935,3429969
249295,3427494
254057,3425480
263665,3419302
264072,3418926
264250,3418306
263126,3402170
263027,3400782
261376,3389346
261245,3388730
255333,3381643
254976,3381247
253851,3380798
252297,3380759
251007,3380468
250106,3379802
248929,3378615
246735,3376207
245587,3374310
245371,3373758
245124,3372526
245072,3371817
245135,3370457
245311,3369837
250620,3354752
251061,3353541
252431,3350218
252937,3349161
253443,3348135
254605,3346174
256381,3343279
257260,3341847
258362,3339980
259114,3338396
259559,3337279
259919,3336070
260216,3334769
261659,3326261
261755,3325549
261581,3325027
261198,3324599
259620,3323847
258402,3323491
257958,3323158
257659,3322699
257463,3322145
257580,3321464
258104,3319790
258529,3318674
259209,3317770
259603,3317425
261038,3316543
262580,3315845
265334,3314825
266652,3314655
268017,3314855
269091,3315369
269680,3315548
270289,3315726
271066,3315780
272482,3314931
272875,3314557
278310,3308422
278641,3307987
283065,3300136
283416,3299454
293386,3294748
293783,3294407
294450,3293507
294699,3292980
295069,3291774
295642,3289177
295696,3287664
295603,3286275
295003,3284643
294705,3284151
292942,3282095
292137,3281359
286126,3272760
288588,3249095
288689,3248415
289212,3247361
290161,3246799
290690,3246579
294928,3246397
296177,3246142
297742,3245453
298692,3244861
299114,3244519
308005,3235771
308344,3235337
309102,3233760
309291,3233142
309394,3232462
309512,3230178
309254,3218511
309163,3217123
308903,3215827
307954,3213023
307544,3211943
307113,3210835
304913,3205535
303611,3187855
303541,3186467
303409,3185850
303082,3184679
302585,3183601
302022,3182647
301120,3182003
299531,3181240
298413,3180814
296804,3180361
295835,3179780
291111,3175273
290765,3174874
290783,3174257
291036,3173731
291441,3173357
291911,3173076
295019,3172470
297099,3172242
299499,3171672
301149,3171046
302025,3170394
303071,3169154
303988,3167729
304667,3166060
305433,3164482
306672,3162625
309279,3159065
310887,3157609
311380,3157329
313656,3155840
314064,3155468
314235,3154850
314125,3154234
312425,3147727
312012,3146649
311426,3145694
310690,3144894
310258,3144587
306997,3143119
305184,3142602
304146,3142082
302633,3141256
302286,3140856
301982,3140394
299305,3128002
299344,3127230
299976,3120067
300185,3118708
302000,3109131
302323,3108697
303597,3107673
305413,3106461
308553,3105213
310329,3104775
311565,3104523
312281,3104490
313041,3104518
314408,3104730
324553,3099585
337659,3081035
337920,3080511
337833,3079122
335724,3072980
335310,3071900
334655,3071035
322088,3054936
318221,3046736
318111,3046551
317672,3045812
316112,3044272
314686,3043381
302906,3039631
297708,3038948
287618,3038054
277473,3036282
276830,3035424
275894,3023829
275816,3022442
275919,3021762
276090,3021174
276349,3020647
277001,3019746
278163,3019428
278933,3019453
280762,3019993
282772,3021088
284361,3021847
285859,3022515
286455,3022695
294240,3023662
295558,3023500
296719,3023153
297440,3022348
298201,3020770
298855,3019871
299338,3019591
299887,3019403
300502,3019276
301866,3019486
304905,3020397
306556,3021069
308142,3021835
309725,3022446
311658,3022131
312757,3021725
313832,3021321
316751,3019677
318178,3018841
319804,3018220
321035,3017971
321805,3018000
323256,3018152
323872,3018306
324401,3018583
325809,3019476
326997,3020586
330119,3022867
331614,3023700
332757,3024132
334557,3024687
337260,3024719
339106,3024351
339589,3024073
339985,3023703
343244,3019264
343751,3018216
344040,3016920
344085,3016149
343935,3014081
343563,3012230
343344,3011673
343037,3010531
342973,3009852
342996,3009081
343395,3007107
345873,3001773
346382,3000725
347683,3000574
349050,3000793
349822,3000826
350374,3000612
350837,3000335
351501,2999442
352255,2997870
352969,2995435
352928,2994756
352796,2994139
349307,2986354
348735,2985396
347566,2984282
346660,2983633
345402,2982889
330410,2980009
328951,2979855
323354,2980170
318865,2980949
317495,2981044
311743,2981030
299622,2980865
296636,2980665
296104,2980391
295237,2979747
294858,2979255
293718,2977381
293516,2976857
293622,2976147
293796,2975559
294058,2975033
294784,2974227
295247,2973946
297436,2973132
298161,2972326
298358,2971708
298399,2970936
298293,2959490
298060,2957485
297453,2955854
296755,2954284
295881,2952900
299394,2944859
301984,2942069
308997,2931180
309505,2930129
309925,2928986
309967,2928245
309894,2926457
309669,2925933
305768,2920703
301099,2915479
297343,2910716
296935,2909638
296797,2909022
296611,2907696
296760,2906276
297093,2905812
298053,2905251
299192,2904937
300218,2904438
304080,2902230
305351,2901237
305663,2900773
306174,2899754
306351,2899135
306278,2897747
305789,2893091
305489,2891149
305285,2890625
304925,2890225
293430,2880102
287513,2875389
286749,2875302
285801,2874722
285483,2874231
286808,2867527
289398,2860908
289642,2860413
296274,2858029
297489,2857776
298119,2857803
298707,2857986
299679,2858566
300287,2858749
300985,2858684
301458,2858404
301861,2858031
302375,2857011
302640,2855715
302682,2855098
302661,2845349
302407,2844116
301658,2843318
295701,2839986
294206,2839161
293594,2838979
291627,2838590
286516,2838129
284234,2838022
281636,2838226
280257,2838020
276582,2836261
274807,2834949
274166,2834060
271595,2829764
270812,2828290
270051,2826785
269634,2825709
269516,2825094
269412,2823737
269810,2820154
269917,2819475
270199,2818208
270643,2817063
271154,2816009
271751,2814307
272073,2812268
272219,2810817
272334,2808533
271812,2798080
271576,2794627
271376,2792654
270877,2790191
270457,2789085
270180,2788625
269760,2787548
269663,2786932
269071,2779596
269020,2778887
269343,2776848
270051,2774435
271081,2772360
271397,2771925
276559,2755718
276692,2755038
276708,2754267
276310,2753191
275572,2752395
273497,2750623
271814,2749249
270660,2748149
269499,2746247
269310,2745724
269350,2744953
269597,2744427
276746,2730362
277064,2729927
278179,2728747
279047,2728123
279984,2727561
281152,2727213
282508,2727418
283038,2727692
283477,2727998
283847,2728397
284149,2728888
284598,2730736
284836,2731937
285022,2732491
285347,2732951
285692,2733195
287208,2733278
288307,2732870
298239,2728064
298698,2727784
302449,2724683
302677,2724158
302719,2723541
302372,2717435
302323,2716757
302045,2716296
299844,2713406
299663,2708411
299354,2706499
298313,2700922
297657,2698581
297237,2697504
292199,2687539
287089,2675696
286455,2674066
286376,2672709
286488,2672030
286761,2671504
287404,2670605
288601,2669518
292085,2663453
290787,2651402
290266,2649617
289559,2648078
288997,2647065
288383,2645434
287880,2642969
287830,2642291
287871,2641520
288651,2636180
288834,2635562
289339,2634542
289662,2634108
290421,2632531
290716,2631418
290938,2629289
292597,2609605
292567,2608342
290978,2603713
292676,2598535
292814,2597948
292690,2596777
291878,2593482
291448,2592004
290951,2591020
290171,2589606
286208,2580965
283083,2572845
283145,2571549
283653,2570343
284841,2569195
285286,2568914
287317,2567113
289066,2565283
290417,2563394
291046,2562373
292018,2559870
292394,2558450
292548,2557770
292635,2556444
292394,2555336
292133,2554875
292485,2550463
296350,2537524
297076,2536688
297595,2536500
298279,2536558
298940,2536771
299318,2537170
300243,2538461
300739,2538829
301306,2539104
301990,2539163
302436,2538884
303116,2537956
303958,2536288
306927,2529339
307137,2528691
307230,2528012
307101,2525053
306910,2524529
306626,2524098
306246,2523699
304470,2522287
303831,2522074
303479,2522538
303087,2524698
302735,2525161
302121,2525164
301623,2524827
296258,2518715
294016,2514442
293918,2513856
296188,2504194
299703,2501341
306767,2496657
309600,2485889
307242,2476339
306480,2475539
306072,2474524
303433,2461739
303333,2460568
302868,2451135
302866,2450519
303122,2449101
304133,2445274
304369,2444625
304986,2443606
305270,2443357
305891,2443017
306583,2443106
306966,2443506
309434,2447013
309748,2448090
310489,2448890
311038,2449166
312422,2449316
319550,2449208
320122,2449114
320622,2448898
320979,2448435
321478,2447232
321644,2446492
322236,2443439
322235,2442822
322139,2442237
325060,2429008
325298,2428360
329118,2417321
329334,2416674
330527,2407703
330574,2406378
329298,2394756
328430,2387698
327611,2385047
327514,2384462
327538,2381903
327869,2375984
328374,2373765
328782,2372624
329360,2371514
329697,2371051
330526,2370247
332876,2368030
335164,2366581
343460,2361625
355729,2354438
359089,2352691
360105,2352294
361336,2352175
362566,2352149
363966,2352308
365438,2352653
368068,2352756
369759,2352456
370679,2351874
371092,2351507
376093,2346322
376434,2345862
379131,2334780
379627,2332564
379607,2331947
379493,2330745
379282,2329602
378875,2328583
378299,2327686
377938,2327283
376613,2326197
374730,2324862
373137,2323960
371736,2322936
369156,2320180
368290,2318820
367304,2316874
366920,2315855
366609,2314776
364188,2301080
363313,2295036
363291,2294388
363489,2293126
363862,2291093
364439,2286564
364838,2277936
364742,2277350
364550,2276856
356494,2256888
356008,2255901
353722,2251426
353167,2248805
352562,2246245
350787,2241649
350201,2240723
349130,2237609
348791,2235913
348695,2234711
348625,2232184
348604,2230950
348828,2228886
349567,2227038
350378,2226270
351285,2225717
352661,2224857
353964,2223905
354308,2223413
354530,2222766
355249,2210626
355228,2209363
355107,2208807
354351,2206741
352513,2204086
351361,2202882
350504,2201524
350039,2200567
349842,2200043
347444,2193259
347346,2192704
347423,2191379
347596,2190639
348042,2189346
348611,2188237
348931,2187745
350930,2185870
351623,2184947
351943,2184454
352537,2183346
353359,2179773
354909,2171180
351761,2155734
348374,2141706
348524,2140967
352860,2129821
360014,2109997
360193,2108642
360420,2107195
361507,2102052
361808,2101499
362581,2100731
363720,2100374
366810,2101239
368898,2101710
369944,2101530
390492,2094617
391392,2094067
391794,2093670
392300,2092471
392479,2091733
392439,2090470
391655,2088400
390817,2087038
390595,2086544
390204,2085524
390183,2084878
391802,2077740
402324,2066077
408801,2065422
409374,2065704
410694,2066178
412643,2066227
413794,2065991
414796,2065631
415727,2065054
416410,2064105
417133,2063025
419737,2056341
418948,2044993
418751,2044499
418476,2036762
418639,2035408
419408,2033628
421122,2030286
421479,2029797
422264,2029034
422744,2028762
423247,2028551
424380,2028348
424785,2027982
425115,2027492
425299,2026754
425205,2026199
425009,2025673
422068,2018618
419046,2011593
418020,2008410
418026,2007794
418184,2007024
418541,2006566
419329,2005803
419692,2004575
420348,1994167
418164,1977446
408373,1971228
407895,1970916
406565,1969826
405419,1967999
405023,1966980
404901,1966393
404886,1965130
405044,1964391
405509,1963101
406356,1961414
407454,1960098
407912,1959824
408420,1959613
409733,1959685
412846,1959528
415708,1958998
421628,1956097
422546,1955520
423288,1954696
423779,1953469
423913,1952884
424079,1951500
424288,1948205
423932,1945860
423861,1942778
423906,1940838
424015,1937573
424224,1936739
430074,1920906
436253,1899716
443390,1886180
443752,1885723
444428,1884775
453570,1871888
453782,1871244
453868,1870567
453851,1869920
453213,1865876
452918,1860973
453064,1859589
453565,1858394
453736,1858230
454883,1857425
455936,1857038
459422,1856499
461315,1856463
462819,1856792
464143,1857242
468435,1857580
473979,1854612
474444,1854341
475248,1853583
475463,1852939
475446,1852292
474974,1851330
472389,1837550
469412,1814737
467663,1807565
467546,1803157
467780,1801097
471204,1777793
471369,1777056
476200,1766098
477078,1764416
477394,1763959
477737,1763502
479362,1761985
479704,1761498
480188,1760304
480443,1758860
480427,1758243
478362,1747676
478162,1747180
477502,1746308
472083,1743456
470413,1742601
469098,1742151
468374,1742079
467182,1742186
465647,1742781
464441,1743935
463755,1744880
463513,1745524
463348,1746262
462764,1747455
462154,1748495
461736,1748858
460644,1749245
459947,1749174
459103,1748423
451128,1736248
450525,1734701
450305,1733558
450459,1731558
450889,1730239
451180,1729688
451637,1728369
452157,1726158
452242,1725481
452224,1724834
452005,1723691
451804,1723196
450616,1721322
453290,1716253
458093,1709998
461136,1703569
461353,1702925
461336,1702278
461029,1701812
460644,1701437
460102,1701153
457462,1700257
455783,1699404
455319,1699060
447390,1690002
446828,1689102
446423,1688081
444564,1675155
444428,1673305
444496,1672012
444727,1669952
444891,1669214
445158,1668632
445529,1668174
446348,1664857
446883,1661444
446977,1660121
446251,1657403
439204,1642450
437971,1638908
432512,1636962
431550,1636275
431188,1635902
430780,1634851
430802,1633896
431238,1630759
431204,1628880
428359,1614102
431703,1609761
433015,1609836
434981,1609886
435585,1609861
436112,1609651
436560,1609379
436855,1608797
439314,1601800
439532,1601125
439589,1600602
439550,1599339
439326,1598197
438756,1597299
435228,1593136
434083,1591955
433507,1591671
432119,1591258
430515,1591366
429434,1591694
428856,1591781
426255,1591819
424181,1591584
422792,1591203
422216,1590920
421276,1590235
420886,1589831
419354,1587632
418212,1585806
406510,1556772
406303,1556247
406202,1555692
406285,1555015
407069,1552219
408226,1545454
409205,1530681
409001,1529541
408958,1528278
411732,1514320
412088,1512814
412920,1511127
417688,1504391
418489,1503658
418994,1503447
419682,1503514
420157,1503856
420812,1504724
421594,1506147
428131,1503925
434583,1496965
434964,1493212
431997,1489982
431528,1489023
431321,1488498
431220,1487943
431184,1486034
431620,1481943
431706,1481235
432587,1474962
432921,1473488
437428,1458044
439070,1453565
443072,1444922
450675,1431732
457937,1426671
459347,1427057
460734,1427197
463190,1427041
464314,1426839
468983,1424926
469466,1424623
469845,1424259
473270,1419561
473544,1419010
480070,1404469
480608,1400289
480563,1399673
480382,1399147
479968,1398125
479211,1396698
477599,1395168
476669,1394510
471356,1383234
471984,1380367
473032,1375241
473272,1373136
473575,1361986
473518,1360108
472807,1352555
472707,1351969
472497,1351474
469592,1349498
469112,1349154
468243,1347789
468033,1347263
467623,1345626
467584,1344363
467763,1343011
468432,1341049
468772,1339575
468841,1338252
468645,1334555
468525,1333353
468113,1331716
464569,1319298
462308,1314347
461916,1313326
461584,1311629
461591,1310982
461968,1306246
462118,1304893
462403,1303542
469015,1294661
474173,1288104
474637,1287832
475206,1287716
479666,1287711
480778,1287387
481756,1286907
483583,1285761
484707,1284544
485343,1283506
485568,1282863
486029,1280775
486093,1280098
485951,1274462
489203,1260067
492517,1251615
492689,1250879
492754,1250202
492724,1248324
492388,1247241
491865,1245787
491472,1244766
490868,1243249
490538,1241521
490545,1237088
490762,1235028
494524,1228091
494856,1227633
495655,1226875
497784,1226166
498222,1225895
498583,1225408
499040,1221935
499931,1206380
504892,1202839
511978,1197125
512364,1196731
525459,1182311
529828,1177148
530781,1175624
531372,1174526
531832,1173209
532829,1169008
535063,1162887
535480,1162432
535869,1162069
537223,1161199
538711,1160516
540438,1160207
542246,1160054
544186,1160088
545338,1159893
546805,1158903
547625,1157377
548988,1154476
549936,1151968
553618,1137788
554437,1133236
557466,1123622
557669,1122979
557953,1122430
558710,1121582
559154,1121282
560745,1119772
561394,1118829
561705,1118281
575787,1093022
576044,1092473
579808,1084387
579794,1083739
579235,1082835
579024,1082338
578617,1080698
578558,1079434
578807,1078022
579872,1075672
581846,1072016
584952,1066874
585633,1065933
586419,1065179
586894,1064881
587921,1064501
589056,1064278
592807,1064171
595584,1064476
596985,1064721
598020,1065328
601415,1067649
602490,1068874
624887,1061000
625917,1060623
627311,1059978
631164,1058036
634243,1056231
638119,1044339
638021,1043782
637327,1041701
625002,1021539
623854,1019726
622510,1018032
618122,1012572
613702,1007084
611484,1003431
610711,1001998
610317,1001003
610009,999919
609658,998217
609559,993841
609600,991932
609656,990609
610203,984553
610666,981083
611411,977434
611855,976150
612145,975571
612803,974630
613597,973878
614444,973218
616620,971541
620255,969157
621103,968498
626831,963390
628393,961886
628922,960666
629078,959930
629050,958667
624028,932032
620522,913906
619802,911180
614795,899893
610868,887400
610567,885730
610452,884527
610479,883234
610760,880499
611252,878292
613172,870756
613827,868799
614829,866387
616996,861844
617484,861410
617999,859432
619546,853890
619755,853248
620976,851210
622069,849878
622657,849612
629298,848679
634607,846979
635624,846601
635998,846209
636236,845568
636279,844891
636081,843747
622110,820068
621554,819810
617333,817474
616734,816569
614937,811019
614808,810463
614962,808464
615117,807728
615565,806444
618112,801508
621567,795020
626277,787851
633689,777045
634008,776590
635271,775539
636349,775224
636996,775299
640100,776383
640803,776430
641369,776319
642284,775754
645466,770804
647865,765714
648158,765228
654537,762600
684390,750281
711059,739174
717500,736473
742395,726066
751977,694327
758773,671812
763307,656773
764668,653082
769661,640216
774772,627384
779961,614062
769622,602410
761764,593428
746108,596446
729058,599613
720879,601139
698946,598034
690545,592288
690048,579492
693816,562699
694188,561444
690513,548451
689744,547016
686096,533657
687064,531461
687297,530049
687333,527216
687260,526598
685462,512235
685302,511676
682566,506965
680102,505432
671251,496369
671133,495197
671063,490391
671284,486762
671229,482603
670967,480072
669859,472627
669406,470893
668003,466491
666875,463942
665791,462072
663185,458600
661808,456940
661307,456191
662001,421903
657863,414755
638594,381799
637986,381727
635210,381769
632575,381967
630383,381682
629204,381261
627569,380493
626627,379861
625887,379078
625179,378266
624424,376806
624466,376592
624231,376249
623693,373900
623737,359712
623991,358362
624589,357357
627483,354113
628249,353358
629953,352002
633345,350185
634197,349523
634524,349098
634737,348486
634721,347808
634468,347342
633787,346499
631821,344617
625953,340390
623738,339398
620741,338363
618467,337432
616857,336666
614299,335269
611947,333754
610659,332686
607842,329379
606370,327078
605328,325153
604968,324040
604590,322249
604418,320339
604587,318833
605068,317733
605424,317308
606247,316613
607711,315837
610284,314709
608633,303573
604680,292648
603672,292079
603241,291733
602556,290923
602302,290427
601941,289313
602011,288576
602224,287963
602522,287476
603233,286625
604114,286024
616335,283633
619688,283041
620387,283022
622328,283516
622905,283741
623601,283876
624300,283856
625026,282176
629913,268316
625496,259102
619382,253678
613565,249369
612466,248890
612035,248545
611780,248049
611762,247372
612850,244865
613297,244226
613504,243952
622234,233998
625395,229481
627665,226547
638287,216106
639432,215756
639818,215394
639831,214625
639499,213511
638813,212638
634798,208323
633707,207166
628526,202434
627630,201835
625081,200471
624530,200247
622115,199593
619474,198412
617679,197307
617306,196932
616510,195473
608381,186149
604056,182116
592357,174009
591577,173230
591005,172329
585048,160926
588637,153192
586730,149075
581698,137626
579302,128243
578870,123008
578593,117314
579401,111511
579720,109546
579591,108161
579313,106958
578659,105350
578142,104359
577855,103894
576298,101659
575922,101285
574940,99981
574453,98990
574285,98373
573372,86889
573318,81752
573237,81074
572810,79993
572144,79154
570665,77598
570199,77285
568688,75759
567794,74364
566988,72909
566758,72383
566709,71676
566960,70417
567529,69440
568216,68618
568603,68223
569938,67286
570411,66984
571477,66535
573789,65057
574175,64693
574805,63808
575152,61844
575181,59568
574836,59457
569248,58543
568017,58220
552422,53057
551955,52745
551199,51998
550739,50917
550169,49219
549517,46875
548913,42993
549337,36479
549294,35033
549154,34416
548724,33336
548063,31729
545466,26750
543307,24668
532005,14436
531243,13844
530437,0
516488,12289
510723,17341
505392,16895
501565,16524
496853,15962
494974,18683
494406,19662
493715,21224
493230,23065
492948,25091
492936,26598
493049,27214
493281,27769
494040,28544
494508,28855
495708,29910
496289,30837
496954,32441
501267,48003
501409,48619
501463,49295
501301,51047
500815,52856
499522,56165
498410,58861
493594,68659
492912,69484
490776,71864
481887,81201
480320,82665
477930,84092
477399,84303
463560,89523
461738,89971
457828,90561
455421,90699
450314,90390
442012,89420
439048,89434
437812,89734
437282,89947
435426,91136
433784,92595
434743,92945
437871,95298
438629,96071
440876,98420
443034,100706
443817,102156
443987,103386
443574,103722
440589,117845
439563,123310
439499,124048
439495,124755
440025,145169
440895,146557
442131,150407
442585,152807
447389,180411
447740,184717
447590,185392
446762,186924
446381,187414
446259,188089
446166,188857
445970,197064
448162,201259
450497,205578
454113,219067
457173,236151
459208,253136
460749,265322
462122,272404
462234,273019
462184,275848
461952,283686
461883,285131
461232,286878
460552,288411
459785,290035
459076,291721
457753,298076
457923,298630
458637,300142
460956,304494
461063,305786
460970,306555
460698,307906
460342,309163
457222,319225
452385,363990
452758,364423
456406,367678
458130,369074
459756,371885
459925,372439
460610,377303
460455,378686
459136,381289
458094,381712
456905,386038
456606,387389
456717,388005
457202,388962
459052,392358
461491,398005
467210,418469
467292,419084
466992,420435
466729,420955
465682,422208
465104,422387
464441,422382
464149,422903
464085,423517
464446,425304
465068,426877
468354,433403
464919,445173
464414,450458
464123,450979
461135,454122
460587,454271
459897,454297
459320,454538
458972,454966
458709,455487
457696,460030
457657,461475
457748,468180
458181,471596
454031,499641
451820,507805
450192,514804
448090,531549
446348,546851
443592,568297
440829,583593
440620,585006
441422,588518
441951,590182
442313,591262
442820,592249
443183,593359
443258,594652
443138,595327
442760,596585
440932,601124
437892,608084
436684,610013
435278,611695
434531,612459
433330,613558
432442,614167
430502,615200
429960,615381
428933,615651
424203,616698
423519,616724
422952,616505
421487,614221
421376,613606
421592,610654
421511,610039
421175,608930
420751,608589
420125,608524
417009,610659
413374,614729
411349,631909
411223,634092
410632,649220
408239,661847
408179,662616
408347,662986
415483,665146
415965,665026
416449,664783
417304,664111
417646,663683
419314,659879
419609,657850
419868,657360
420436,657179
421713,657063
422422,657221
424430,658341
425391,658962
427678,660545
428949,661599
429286,662001
430071,663452
430931,666195
431816,669646
431960,673553
431751,674966
431201,676808
430188,679846
428375,684386
427885,685490
426767,687513
426110,688431
425284,689102
423751,689800
423354,690136
422725,691055
420840,693842
420554,694363
419293,701706
418192,715479
418007,718154
418003,718769
418113,719323
418697,720834
419566,722192
419953,723210
420063,723764
420394,729856
419986,736405
419926,737081
419641,737633
418645,739011
418415,739656
416773,745244
414837,753506
414776,754183
414971,754707
415222,755139
416285,756375
416197,757052
415323,762029
413248,779796
411494,796519
411435,797195
411515,797780
415088,811305
416793,817159
416985,817684
420060,823916
419407,838616
424097,845138
426242,850720
426459,851860
426222,857673
424812,867815
424578,869228
424349,869873
424011,870332
416291,880372
415111,881503
411970,883668
405925,891509
400932,902250
399234,907348
395784,917883
395890,919083
396081,919576
398722,926203
399853,928024
400989,929199
401459,929540
403811,931829
404224,932846
405592,937038
405919,938116
406135,939256
406288,941687
406312,942303
406166,943655
405576,944759
403107,949115
402061,957877
402014,961323
402095,961907
405004,972845
400488,987742
399507,1000628
399219,1002719
398628,1004839
398179,1006128
393058,1018564
386498,1034318
386220,1034871
386052,1035608
386074,1036870
386483,1037887
387060,1038782
388342,1041802
388534,1042295
390024,1048056
390048,1048702
389880,1049440
387101,1054473
382116,1061283
377592,1063358
377402,1062865
377100,1062403
376633,1062063
375973,1061845
375476,1062028
375091,1062426
374592,1063163
374038,1064269
372734,1067250
371900,1069924
374870,1087071
377413,1097972
377603,1098465
378905,1102716
379203,1103795
379254,1105056
377421,1118250
377254,1118988
376566,1119908
371897,1123062
367973,1125080
367316,1124987
363961,1130147
360442,1136662
360194,1137307
358019,1143518
354854,1155082
354522,1156558
354438,1157235
352902,1177880
352806,1186834
352295,1199142
352212,1199819
346970,1212675
345583,1213504
345066,1213719
342886,1217748
340465,1222578
339729,1227932
340108,1228948
340135,1229563
340052,1230333
339425,1234456
338964,1235779
331285,1244795
322451,1253385
319366,1256589
318799,1257698
318287,1259945
317189,1268256
317378,1268748
317784,1269024
318299,1268808
318704,1268438
319327,1268438
319814,1269391
321453,1283546
319969,1291937
320220,1293703
321006,1295765
321601,1296657
322546,1297333
324221,1298193
325733,1299146
330915,1302899
332993,1304745
333668,1305607
334719,1307484
337655,1317119
338031,1318811
337978,1320135
337816,1320874
336710,1324228
335261,1332630
334757,1353559
334972,1355160
335996,1360084
336177,1360607
336441,1361039
337852,1362055
339079,1363194
339371,1363656
339765,1364672
339912,1370951
339772,1372336
339622,1373075
331093,1398036
330613,1399328
330051,1400467
328822,1402530
328234,1403392
318673,1412943
318220,1413251
315311,1414702
314777,1414888
312719,1414646
310474,1414157
309912,1413881
309082,1413114
308788,1412683
308385,1411637
305474,1412722
302423,1419964
302265,1420703
300715,1438561
300466,1444442
300126,1455340
300083,1466823
302202,1482670
302633,1484947
302820,1485470
303992,1487283
304447,1488236
305061,1489774
305383,1491497
305413,1492759
304907,1501842
304227,1505200
303730,1507448
303626,1508126
303607,1510681
303822,1511819
304408,1513357
308096,1528187
312950,1550651
313163,1551790
313431,1554191
313497,1561025
315702,1571736
315993,1572813
316786,1574874
317101,1575335
317577,1576289
318448,1578289
318765,1579366
319204,1592266
319137,1601473
319059,1602181
318357,1606308
317862,1608525
317626,1609173
316795,1613515
316639,1614901
316130,1624756
318706,1631463
322612,1637339
328578,1646419
328683,1647619
328527,1648358
325269,1658460
325203,1673702
325204,1674965
324816,1677736
324063,1680386
323518,1681525
319933,1688580
317667,1703796
313948,1714827
313457,1716060
313043,1716430
302405,1724649
301888,1724867
301317,1724961
299917,1724811
297685,1724296
297116,1724390
296598,1724607
296211,1724978
295901,1725534
295852,1726211
296065,1727381
300704,1743194
301831,1756094
305230,1769510
306978,1776405
306175,1784815
305592,1788358
305084,1790577
303654,1794400
303091,1795511
301501,1797025
300115,1797892
299760,1798078
299164,1798389
298188,1798854
296698,1799537
295620,1799849
294334,1799885
293664,1799795
293074,1799921
292560,1800108
291661,1800666
291305,1801160
288559,1808349
286364,1816368
285810,1818527
283743,1821001
282827,1822607
272732,1841178
272428,1841766
272203,1842413
272015,1845095
272149,1846141
272696,1847585
272955,1848045
274683,1850160
274891,1850652
275426,1858595
275558,1863615
275491,1864941
275346,1866297
275068,1866883
274256,1867628
273798,1867908
272192,1868411
271277,1869002
270692,1869500
269506,1871633
269108,1873021
269617,1876592
270351,1883148
269196,1896864
268956,1898929
268190,1902205
266300,1908252
265799,1909395
264290,1911624
262674,1913145
262322,1913610
262047,1914167
257606,1924122
257383,1924771
257210,1925512
256668,1930323
256602,1931617
256472,1934237
256403,1938149
256273,1940769
256107,1942126
255555,1945674
255213,1947156
254470,1949042
253433,1950807
253222,1951086
248429,1955627
245689,1957378
244178,1958040
242420,1959290
241618,1960038
238695,1963519
237751,1965038
236985,1966648
236764,1967328
233781,1976327
228842,1990126
228172,1991088
227774,1991463
222388,1996119
221540,1996777
219716,1997940
218161,1998514
217713,1998798
217289,1999173
216622,2000106
215891,2001995
215824,2002674
215841,2003938
216232,2004949
219939,2013530
221798,2017450
222188,2018463
222404,2019600
222485,2022126
222327,2023483
221902,2025677
221466,2026976
220584,2028651
210960,2038672
206483,2042896
204783,2044110
203905,2044905
203561,2045373
203294,2045932
203131,2046673
201956,2061947
200426,2084623
196767,2094574
192908,2105424
189742,2117097
189753,2117744
189665,2118423
188203,2125969
187990,2126621
187286,2127557
186429,2128219
185395,2128638
184825,2128740
182939,2128773
180773,2128379
179548,2127877
178618,2127185
177931,2126335
177823,2125751
177884,2125071
174848,2124695
173859,2146170
172691,2165646
172349,2167132
170590,2174596
170408,2175340
169678,2177203
168796,2178793
167813,2180292
166605,2181519
165755,2182183
164391,2183042
161410,2184398
156609,2185916
154325,2186334
152502,2186465
148708,2186579
141512,2183502
139815,2182646
138580,2181503
136659,2179543
135997,2178664
135434,2177783
135224,2177264
134746,2176905
134360,2177284
131739,2180214
131456,2180777
130943,2181992
130326,2184042
127466,2198205
127482,2198853
127707,2199989
128175,2200964
128480,2201389
128860,2201811
130642,2203217
131424,2204001
132818,2205725
133479,2206572
134581,2208458
134950,2209529
135039,2210113
135403,2213065
135433,2214329
135212,2216400
134802,2217767
134019,2218865
132433,2220353
131973,2220641
131565,2221021
128859,2224788
128527,2225259
127941,2226384
127507,2227690
127538,2228954
129194,2240387
129418,2241522
129602,2242042
130003,2242434
135121,2247460
141379,2257582
141866,2258527
145605,2267014
145994,2268023
147944,2273283
148832,2275885
149238,2277633
149265,2278867
148117,2293727
147810,2295215
147228,2296339
146568,2297279
145809,2298129
144620,2299267
144011,2300299
143783,2300952
143797,2301569
144150,2303134
145437,2307228
144040,2307763
143686,2308233
142538,2314121
142456,2314802
142436,2318071
144368,2328945
144808,2331217
147210,2338657
150307,2348146
159651,2373075
166597,2391585
171806,2408749
172840,2419399
172865,2420632
172714,2421376
172211,2422589
170524,2424875
172409,2427520
172612,2428040
172459,2428784
170028,2437162
167367,2444591
166868,2445804
166295,2446896
165398,2448489
159878,2464034
160317,2477167
158160,2480578
150695,2479457
135417,2487119
134211,2488261
133547,2489204
131902,2491623
131848,2492303
132621,2493733
133580,2495004
135187,2496535
135663,2497510
136178,2499071
136600,2500726
137079,2505497
137095,2506113
136968,2506703
136698,2507265
136355,2507737
135913,2508026
135323,2508134
132029,2512510
131344,2513454
131074,2514016
127515,2540528
129606,2545409
129902,2545864
130282,2546873
130594,2547944
130813,2549080
130917,2550280
130934,2550897
130712,2552323
127602,2558210
123887,2563375
114953,2589774
111327,2601674
111231,2602356
113512,2614449
115341,2624118
115700,2625960
116558,2627385
117190,2628230
118297,2629433
119651,2631091
122774,2639149
123553,2641935
123864,2643069
124132,2644295
124545,2649716
124588,2650425
124468,2651077
124107,2652291
123195,2653676
123027,2654298
122908,2654980
122994,2657941
123196,2658491
123487,2658946
131279,2667829
135436,2670615
135953,2670878
136537,2671048
137910,2671288
145614,2671731
146379,2671743
146978,2671634
148631,2671036
149087,2670746
149902,2670016
150409,2668984
150507,2668303
150942,2667181
151643,2665528
152463,2664057
153449,2662674
153834,2662294
154242,2661944
154866,2661806
155064,2662356
150336,2671579
149686,2672459
149301,2672809
148294,2673298
147050,2673546
145591,2673552
143544,2673205
141321,2673202
140243,2673602
139451,2674302
139139,2674743
135812,2680080
135571,2680581
133962,2688434
134228,2688890
134836,2689089
135455,2688949
138205,2688935
139733,2689017
147924,2690312
148506,2690483
149559,2691011
154301,2693977
155683,2693881
157880,2693055
161540,2691639
161553,2691176
161937,2690828
162415,2690538
163495,2690296
168616,2689992
169402,2690035
171731,2690815
176861,2691998
178385,2692057
179770,2691965
181111,2690980
185860,2687240
191387,2681636
191655,2681106
191597,2680583
190417,2674683
190062,2674289
188745,2673297
188458,2672840
187269,2668976
187443,2668387
191607,2661054
191946,2660615
192886,2660041
195051,2659228
200487,2657213
201182,2657170
201948,2657187
208798,2658886
209426,2659060
212000,2660343
212753,2661101
218022,2667216
220909,2671150
222862,2677783
223171,2678241
223899,2679031
226097,2680664
227589,2681506
228796,2681858
230993,2681889
232168,2681625
240082,2678803
245623,2676081
246423,2675362
247866,2672168
250555,2652304
253582,2651160
251930,2673416
250469,2675253
247039,2678501
245850,2679595
245391,2679878
240384,2682378
239832,2682601
231863,2684591
231265,2684722
229829,2684558
228783,2684049
228155,2683872
226140,2683563
225588,2683756
224650,2684326
213232,2696571
212577,2697445
208588,2704116
207925,2706966
210333,2710441
211278,2711782
212096,2712509
217940,2715188
228406,2716599
233748,2713653
233830,2712973
235866,2710385
236253,2710040
236803,2709817
237422,2709716
239563,2709656
240696,2710074
241580,2710741
241771,2711263
241598,2713918
241315,2715217
240941,2716425
240481,2718282
240352,2718962
240140,2720322
240034,2721002
239644,2724555
239500,2727611
240641,2735739
241803,2740506
244876,2755182
245717,2761989
245748,2762697
245675,2764210
245501,2764798
245265,2765125
244848,2765547
244255,2765678
243727,2765407
243357,2765011
243076,2764551
242863,2763999
235385,2743770
235262,2743185
235230,2742476
235265,2741735
235440,2741116
235384,2740438
235194,2739885
233638,2736914
233357,2736456
232634,2735664
231754,2735029
231245,2734758
230713,2734519
230023,2734406
228788,2734640
218366,2738504
217888,2738790
214491,2741315
213701,2742037
210301,2745521
210127,2746110
210118,2746882
210221,2747497
222971,2765982
223974,2767230
224716,2768052
226934,2769683
227901,2770255
230084,2771179
232715,2771696
233930,2772049
234436,2772288
234897,2772621
235615,2773414
236199,2774361
236412,2774914
236511,2775498
236497,2776116
236161,2776552
235686,2776837
235072,2776969
233173,2776502
232049,2776086
227216,2773197
226338,2772531
225990,2772136
225124,2770730
224403,2769938
222434,2769538
221657,2769489
215397,2769221
213958,2769215
213008,2769786
212696,2770224
210388,2776528
209779,2778235
209951,2793042
210067,2798286
210228,2799610
211348,2805144
211495,2805759
212306,2807935
213147,2809340
214235,2810525
214695,2810857
215724,2811363
217536,2812505
219710,2814906
220056,2815302
220268,2815854
220326,2816532
220128,2830698
215209,2827571
214840,2827177
213968,2826544
213353,2826338
212584,2826321
212044,2826515
211572,2826802
210300,2827812
208737,2830247
205786,2835825
205354,2836975
205014,2838154
204892,2838835
204928,2839544
205052,2840159
205670,2841783
206097,2842855
206378,2843344
206590,2843895
206781,2844416
206905,2845032
207501,2850328
207558,2851006
207432,2851533
206725,2852348
206235,2852635
203924,2853296
202266,2853914
200392,2855030
198099,2856526
195410,2858401
194544,2859036
193724,2859762
193395,2860201
193106,2861503
190816,2874730
190876,2875438
191686,2877613
197200,2890153
197501,2890610
197066,2903427
197491,2907270
205267,2909592
209201,2909395
210426,2909156
210892,2908869
211498,2907905
212211,2903876
213181,2904323
212799,2908672
213381,2911726
205342,2914653
201718,2915617
199639,2915598
193158,2929435
190519,2935356
190830,2938628
190252,2940536
184779,2944711
179914,2948990
179591,2949430
179060,2950492
178896,2951082
178683,2952446
178634,2953218
178608,2953991
178668,2954668
179046,2956512
179580,2957549
186692,2964672
187955,2965569
189547,2966337
192887,2966944
195086,2967114
195711,2967285
200553,2968729
206531,2970617
207560,2971122
208033,2971453
208373,2971847
208430,2972556
208397,2973143
208081,2975186
214562,2980837
223032,2987047
229279,2982346
233519,2977496
233674,2978975
233226,2988734
226857,3007322
224645,3013408
221657,3020095
212190,3028971
208197,3032628
207720,3032915
192331,3041909
186161,3044394
185529,3044532
184917,3044639
182922,3044624
180854,3044302
179661,3043930
178362,3043652
177593,3043609
176349,3043855
174721,3044482
173342,3045411
172774,3046383
172318,3048278
172273,3048557
171883,3051006
171836,3051779
171961,3052394
172172,3052945
174095,3056323
174644,3057267
177320,3061122
178040,3061939
180076,3063000
180350,3063488
180474,3064102
180313,3064693
179728,3065757
177731,3069016
176831,3069687
176357,3069946
175120,3070223
171743,3070524
170298,3070376
169580,3070425
169061,3070625
168790,3071157
168677,3071839
168133,3075250
167929,3076614
167968,3077292
168094,3077937
168340,3079011
168551,3079562
169291,3080345
170499,3080716
171855,3080928
174784,3081224
176310,3081279
177703,3081183
178242,3080984
178715,3080695
179121,3080346
179888,3078752
181515,3076551
181920,3076171
182326,3075822
182867,3075623
183475,3075486
184239,3075530
186441,3076467
192809,3081354
196639,3085191
199703,3089016
200794,3090197
201322,3090464
201828,3090701
207775,3093357
208390,3093623
209066,3093734
209850,3093749
210389,3093554
211335,3092979
211992,3092102
212242,3091573
212648,3091194
213188,3090999
216699,3091458
217140,3091789
217432,3092278
218049,3093902
218169,3094517
216243,3099647
215252,3100128
214537,3100172
209266,3099472
207893,3099252
203823,3097853
203296,3097585
196963,3093088
196077,3092428
193573,3090322
192753,3089599
191131,3088154
190752,3087761
190481,3087303
190272,3086753
190213,3086044
190328,3085362
190354,3084589
190317,3083911
190108,3083360
189306,3082575
188420,3081916
187891,3081651
187212,3081543
186583,3081681
181851,3084232
180905,3084779
173663,3090362
173258,3090712
165065,3098460
164415,3099342
164235,3099934
160844,3125134
159774,3134892
159814,3135571
160425,3135770
161515,3135339
161938,3134987
167641,3129212
168376,3128389
168957,3127417
169136,3126825
170655,3123667
171571,3122253
172776,3121172
173737,3120592
174273,3120392
177087,3119426
180088,3119043
190891,3121690
191014,3122305
190766,3122805
189239,3124199
187521,3124732
186049,3124736
183227,3124401
181710,3124315
178856,3124415
178165,3124464
176916,3124710
175353,3125399
174415,3125978
172452,3127882
171023,3129494
163674,3138430
163008,3139312
154519,3157249
154321,3157842
154385,3158550
156104,3162918
158144,3168821
158310,3170144
158203,3172433
158051,3173889
157329,3177925
156275,3182311
154958,3185685
154321,3186661
154059,3187193
153512,3189001
153294,3190367
152995,3193280
152933,3194795
153142,3195345
153517,3195735
154034,3195844
154605,3195641
155949,3194707
156674,3193883
158302,3191673
160324,3188218
160677,3187035
160573,3186420
160344,3185870
161723,3183082
164393,3178005
164989,3177031
171845,3166779
173231,3167978
165852,3179601
165366,3180634
164991,3181849
162529,3190411
152942,3203073
150508,3206019
149830,3206905
149589,3207437
149241,3208652
148249,3213224
147366,3215783
143999,3224044
143217,3225614
142889,3226056
142082,3226792
140663,3227672
140115,3227874
138800,3228040
137429,3227806
136889,3227577
131376,3223804
130999,3223383
130976,3222704
136758,3213677
137434,3212790
138877,3211169
140014,3209988
144605,3203759
144867,3203256
145630,3201657
146240,3199939
146979,3197507
147517,3194092
147665,3192636
147869,3188057
147826,3187349
147616,3186799
138111,3176405
137567,3176175
136896,3176042
132410,3176775
131791,3176888
130977,3177625
130320,3178512
130058,3179046
128271,3182720
127837,3183847
127730,3184530
127792,3185053
128065,3185539
133796,3191621
135113,3192597
136995,3193834
138500,3194682
139398,3195333
140192,3196050
140923,3196861
141216,3197315
141636,3198414
141591,3199033
141063,3199236
140358,3199288
139671,3199186
137938,3198562
136873,3198040
129245,3193254
126008,3183692
125879,3183048
125423,3182877
123859,3183580
119921,3185693
117525,3187137
111444,3189147
104513,3191287
103258,3191551
101794,3191390
100305,3190550
98518,3189258
92268,3184679
91446,3183939
91087,3183552
91037,3182842
91140,3182158
91331,3181563
91588,3181027
92003,3180671
92281,3181156
92687,3182221
93262,3183188
95327,3184961
97033,3186348
97475,3186671
100692,3188897
102264,3189641
102872,3189835
103561,3189932
105434,3189553
113865,3186741
114877,3186242
119386,3183919
122772,3181917
123979,3180826
127121,3177846
128569,3176222
129556,3174891
129817,3174358
130253,3173231
130861,3171480
131096,3170113
131154,3168597
131021,3166532
130620,3165433
130324,3164948
125037,3159409
124450,3159243
123897,3159447
123500,3159800
123306,3160425
123200,3161108
123182,3161881
123564,3162950
123860,3163434
124201,3164597
124269,3165984
124253,3166758
123920,3170261
123555,3171539
123315,3172073
122986,3172517
122590,3172871
118518,3176287
118035,3176582
116797,3176811
116339,3176642
117219,3175992
118406,3174901
119130,3174102
119719,3173124
120742,3171018
121438,3169388
122151,3166953
123854,3156915
123999,3155458
123954,3154780
123634,3153616
119760,3143769
118912,3142376
117621,3140630
116880,3139821
115993,3139172
115380,3138977
107376,3140702
103417,3143601
101778,3139786
99703,3138805
98547,3139127
92325,3140910
76121,3143230
75657,3143496
75240,3143884
74913,3144331
74416,3145372
72149,3154618
67727,3169678
65463,3175992
55571,3187873
49327,3187973
47904,3187823
46512,3187920
45326,3188254
44934,3188612
37420,3197942
37166,3198449
36393,3203250
36366,3204025
36372,3210305
36277,3209227
35998,3208746
34330,3206600
33583,3205801
32974,3205615
32270,3205681
31813,3205951
27756,3208752
27346,3209113
25819,3210675
22813,3213829
22241,3214787
22359,3215399
22722,3215814
23282,3218818
19397,3222638
14152,3227709
11060,3229761
10380,3229829
8211,3229574
6670,3229502
5988,3229539
4812,3229882
642,3236734
216,3237872
0,3247449
810,3254772
1093,3255252
5955,3263311
6536,3264239
7261,3265066
12018,3270256
12401,3270669
13283,3271302
17463,3272193
18229,3272246
18858,3272119
20453,3271416
24458,3269382
28781,3266034
29097,3265585
29461,3264391
29598,3262929
29482,3262316
23305,3245830
23025,3245350
22664,3244966
21778,3244300
21254,3244049
19881,3243842
18480,3243915
10516,3249846
10269,3250386
7655,3253189
7181,3253463
6571,3253589
5953,3253560
5326,3253378
5045,3252898
4926,3252286
5038,3251599
5284,3251059
8992,3244481
11004,3242671
15887,3239967
21384,3237915
23723,3237423
23983,3237905
24365,3238287
25739,3238496
27277,3238572
27979,3238536
39627,3234554
40103,3234252
44963,3230709
47785,3228162
54696,3219829
55039,3219380
55575,3217561
55879,3216280
55976,3215595
56416,3214462
56924,3213417
57312,3213029
57792,3212760
58255,3213079
58667,3219307
58547,3219993
58361,3220589
57533,3222112
53175,3226178
49387,3231396
49135,3231903
48446,3233575
48234,3234946
48321,3236333
48652,3237493
48934,3238037
53610,3247003
53887,3247486
54849,3248060
63758,3251921
82547,3259918
88307,3262307
88968,3262435
93114,3262761
93898,3262791
95273,3262706
95836,3262498
96789,3261934
97586,3261192
97905,3260685
98281,3259464
98615,3258246
98742,3257716
98142,3257553
90064,3255496
89299,3255465
86593,3255699
84245,3256384
84237,3250077
105463,3247070
110249,3248436
111225,3249018
111520,3249501
111709,3250020
111674,3250794
111483,3251388
111162,3251863
111153,3253935
112798,3258294
113091,3258746
121530,3270804
121883,3271193
122876,3271777
123556,3271907
124186,3271761
125206,3271292
125528,3270818
126735,3269663
127299,3269458
127908,3269345
128692,3269349
129970,3269645
131045,3270165
136914,3274326
137391,3275360
137370,3275979
136619,3277549
129320,3288857
124381,3294098
123586,3294837
123329,3295340
122850,3297242
122544,3299293
122452,3300842
122610,3302907
124904,3309470
125609,3311022
