410672,209829
412743,206904
413109,206246
413205,205842
413256,205377
413161,204978
412659,204466
411202,203916
410596,203499
410136,202925
410041,202525
410394,201373
412281,195518
412761,194395
412965,194081
414182,192783
419217,187676
423360,178976
424865,175289
425139,174540
425084,174078
424948,173743
424687,173472
422012,172399
421842,172222
421706,171886
421651,171424
421854,171110
425969,165743
427819,164023
429041,163216
430436,162588
431346,161975
431973,161060
435845,153747
436117,152997
436077,151639
435923,150749
435629,150046
435436,149249
435448,148229
435541,147825
437332,141653
437688,140931
441153,134739
441374,134423
441884,133944
442236,133777
444126,133131
445860,132860
446671,132648
447288,132258
447488,131942
447645,131598
447871,130787
448032,129917
448303,126632
448336,124406
448044,123180
447336,121349
447045,120122
446957,118703
447229,117397
447584,116736
448204,115820
448824,114935
449594,114168
455081,109406
458105,108475
459483,107809
460143,106952
460382,106349
460369,103823
460437,103357
462674,98056
462829,97710
465972,92808
466433,92266
469508,90239
469814,90042
478780,84608
479453,84242
480824,84127
482084,84388
482889,84725
483164,84841
486504,87122
487303,87307
490109,87103
491392,86865
493022,86460
494458,85876
503226,78832
503638,78227
503790,77880
503789,77386
511654,65314
508803,61058
510305,57900
510669,56740
510666,56214
510587,55815
510285,55086
510085,54785
507766,51516
507425,51171
507267,51012
503629,47829
503330,47625
502911,47520
502458,47570
499186,48048
496228,49625
495041,50479
494285,50726
492791,50664
492258,50465
491256,50089
490564,49829
489818,49103
489311,48610
489112,48309
489014,46891
488677,45203
488577,44774
486728,40459
481501,34203
481244,33966
480906,33772
480588,33589
480133,33545
479766,33683
477569,34541
472268,34681
471912,34540
469501,31353
463411,22116
463201,18012
463310,17607
463316,17205
463118,16872
460120,15897
459250,15743
458390,15866
455921,16922
454410,16656
454357,17027
451525,20277
450858,20639
450449,20745
449682,20586
448716,20001
447491,19701
445472,19676
440722,20448
438572,20826
433210,22508
432498,22808
432195,23003
431937,23320
431263,24175
430738,25180
430435,25405
427491,25462
426976,25447
423526,24405
423172,24261
422562,23846
422114,23303
415567,13693
415119,11604
415093,10647
414985,9723
414891,9325
414584,8591
414391,8288
406344,2882
401886,216
401513,71
400651,0
391697,3339
387716,6305
380318,7704
375225,7534
365668,6735
365255,6620
364552,6324
359315,3702
357650,2311
356999,1427
356337,1067
355473,928
354961,906
347721,1859
343837,2568
342716,2955
334962,5629
332139,9280
332067,11658
329088,14784
327997,16250
327434,17213
326033,20380
325719,21619
325255,24188
325143,25115
324926,25921
322494,31137
321928,32100
320586,33689
318854,35530
317568,36779
316995,37217
316604,37314
316130,37287
315839,37075
312788,35005
305784,40502
302301,43617
299792,46083
296518,46252
295755,46504
293495,48309
292693,49024
291090,50485
290781,50702
289359,51297
288904,51331
288552,51271
288241,51087
279685,45598
279949,44331
279844,43900
279595,43653
279285,43438
277156,42519
270258,40037
268937,39823
267906,39825
261184,42132
260626,42392
260007,42952
258851,46595
258334,49126
258107,50454
257797,51658
256763,55209
256452,55918
256142,56135
255272,56288
236479,59180
231347,58910
224071,57875
221057,58043
220201,58244
218398,59043
214254,59184
213839,59243
209704,59947
209140,60372
208070,61593
203843,69399
202972,73775
202905,74268
202827,75843
202865,76275
203398,79151
203623,79463
203954,79651
204949,79845
205280,80064
207343,81658
209836,84180
210000,84490
209531,85876
204914,85897
203249,86066
202041,86321
201202,86942
200733,88079
200310,88754
199826,89305
197560,91042
196407,91894
196071,92076
194903,92310
193530,92233
190558,91767
186339,91222
179658,91104
179303,91192
176764,92608
174151,93312
171059,93976
169158,94286
168033,94331
160451,93035
155656,92118
154723,91916
152251,91594
144016,90973
139515,92149
138384,92466
138047,92638
130040,92632
129610,92539
124260,89777
107613,77422
106187,76232
105566,75382
104937,74037
104843,73663
104465,73035
102283,69853
98213,64833
97121,63844
96772,63742
94989,63722
92120,63238
91468,62848
91206,62594
90738,61591
90579,60598
89840,60515
89464,60472
86038,60680
85286,60873
84949,61049
84180,61798
82688,63142
79688,66233
75811,76618
75249,79906
75123,85186
75358,86337
76033,88708
76123,93129
74723,95217
67272,96614
63923,96936
57415,97487
53228,97248
52730,97168
52403,96971
50937,95373
50738,95088
50381,93994
50168,92379
50013,92033
49468,91550
43555,88490
41802,88548
37982,88683
37563,88729
29420,94874
27530,97767
27434,98103
27695,98361
29085,99127
32386,100709
39655,102934
40529,103029
42229,102289
42688,102306
43121,102445
43757,102778
44019,103035
45095,104466
45448,105097
48558,112751
47819,115259
43794,122118
38931,125596
30625,126083
29732,125863
28849,125890
28529,126033
28288,126301
28165,126760
28148,127192
28421,131468
30677,141017
30702,141450
29529,143476
29248,143681
28905,143853
26997,145263
25032,148647
25014,149111
25104,149486
27171,155903
27436,156130
27855,156208
28257,156162
31048,159825
30981,171507
30966,171877
30684,172083
29976,172334
28723,172471
25975,171901
23518,171464
18546,171018
15195,170728
13104,173239
11213,176469
2176,184807
1890,185041
0,185857
1826,187018
2157,187218
2517,187233
4844,186869
5231,186761
6085,186117
8802,185551
9186,185474
12055,185840
13837,186316
14564,186685
17752,189134
17953,189419
18065,189795
18046,190259
16905,193303
15465,194266
15180,194501
15056,194929
15019,195855
15676,199035
15833,199351
17977,203116
18199,203402
18625,203389
19430,203019
20119,205396
21694,210219
30315,227087
30539,227374
36193,231093
37779,231288
40236,232428
50725,241047
53656,243526
55569,245166
56134,246173
56455,246832
56484,247235
56388,250449
56493,250905
57147,253097
57352,253382
59346,255950
60699,257166
63362,259014
68478,261337
76812,265205
77129,265400
77400,265655
79070,267990
79482,268589
82740,274767
83426,276301
84512,279698
84718,283071
84474,283342
84571,283715
88657,288493
91668,291015
92239,291401
94594,292792
96802,293221
97211,293262
97864,292971
98108,292699
98077,292266
97981,292061
97607,291265
100002,291111
109114,292882
109772,293299
110254,293836
112855,296831
113921,298277
114592,300022
114782,302734
115101,304110
115311,304392
116035,304779
132337,310814
142103,310664
153525,310837
156305,311192
157297,311331
158761,311602
159533,311923
160087,312426
160444,313049
161043,313490
161838,313719
167161,314664
167657,314732
173222,315460
174520,315385
176016,315003
184502,310048
185111,309685
187925,307063
188428,306544
189461,304827
190057,303599
197364,297379
197963,297848
202343,299525
204484,298649
205233,297523
206690,297741
208478,297756
219107,293234
219976,291975
220453,291422
225732,286082
226294,285622
226962,285286
227823,285135
228725,285233
229090,285389
229604,285793
230053,286350
230988,288947
231201,289257
231502,289443
231953,289507
241291,289355
241657,289232
255151,279841
255666,279348
259081,275675
259553,275120
259661,274718
259553,274317
258695,273145
258545,272805
258652,272404
258866,272095
262833,268976
263647,268790
270571,267916
271536,267976
273926,268464
277095,270030
284650,271453
284907,271205
285249,271049
285978,270768
293796,268999
305464,269291
305936,269350
312320,271026
312622,271208
316752,274689
317007,275042
317255,273326
317738,272272
318183,271711
318846,271458
323079,270026
334373,267489
338115,268337
340292,269204
341809,270294
344677,272878
345086,272996
349294,271608
350550,270681
351350,269972
352429,268968
352827,268344
352906,267848
352349,266530
352385,266066
354831,260780
355438,259875
357086,258460
358065,257745
359926,256715
360649,256425
361930,256188
363648,256498
373023,258707
376619,259687
377573,260256
377982,260372
378431,260331
380063,259435
387336,253882
387435,253479
387412,250391
387842,246430
388267,244321
388692,243200
389520,241978
390338,241281
395566,235361
395747,227358
396650,221161
396768,220757
397916,217920
398057,217578
398262,217264
406713,210484
407320,210098
407681,210058
408657,210003
410336,210105
