2475356,1284350
2476527,1285519
2477167,1286505
2477331,1287242
2479218,1300197
2482520,1313090
2486773,1322762
2488235,1325774
2490304,1330844
2490429,1331261
2490410,1332343
2488460,1336021
2487045,1337706
2486866,1338903
2487608,1344000
2491654,1370212
2491873,1370883
2502957,1390302
2503629,1391256
2504084,1391569
2506243,1392268
2507150,1392863
2507795,1393850
2508014,1394522
2510625,1407703
2510716,1409070
2510471,1410210
2510244,1410724
2509973,1411865
2510018,1412549
2510185,1413318
2516086,1434210
2517359,1438121
2520374,1454401
2520488,1458825
2519928,1466725
2522188,1476003
2522702,1475845
2529209,1471175
2530092,1470462
2530321,1469947
2531278,1462830
2530979,1456981
2531023,1456322
2531316,1455897
2531819,1455583
2532474,1455383
2533169,1455337
2533677,1455553
2541337,1460071
2542249,1460666
2542678,1460981
2548539,1465930
2549320,1466721
2550017,1467580
2550988,1469045
2551533,1470196
2551723,1470870
2555795,1471222
2559331,1468766
2562396,1465872
2564530,1458259
2566790,1448323
2567108,1447864
2567581,1447550
2568858,1447087
2570250,1446992
2572659,1447326
2573731,1447690
2575216,1449369
2575725,1449584
2577012,1449651
2577758,1449505
2578351,1449246
2578673,1449033
2579300,1448618
2582269,1441126
2582447,1439925
2582352,1438556
2581825,1434341
2581074,1429859
2580514,1426834
2579479,1422030
2579148,1420614
2578743,1420237
2577398,1419299
2575281,1418510
2574852,1418196
2574256,1417144
2572164,1411350
2571971,1410676
2568712,1396057
2567861,1390584
2568153,1380748
2569085,1373461
2569352,1372316
2571004,1363789
2570732,1363214
2569014,1357428
2568822,1356754
2568905,1355497
2569261,1354409
2569906,1352894
2570311,1352489
2570809,1352172
2574279,1351360
2575022,1351244
2576382,1351208
2576941,1351355
2577723,1352143
2578269,1353292
2578979,1355117
2579629,1356102
2580673,1356527
2582462,1356836
2583741,1356899
2585111,1356644
2586346,1356116
2587307,1355389
2587714,1355015
2588658,1353664
2591472,1348985
2591695,1348468
2594428,1331372
2594375,1330656
2593895,1328470
2591585,1316438
2593883,1308882
2595038,1289299
2595024,1287955
2594279,1281909
2593091,1277242
2588725,1261425
2584426,1249892
2582139,1247406
2581814,1246899
2581682,1246314
2581336,1240819
2581617,1237700
2581902,1236552
2582093,1236036
2582403,1235574
2583296,1234848
2584582,1234373
2585269,1234319
2586542,1234407
2587583,1234858
2588999,1235685
2589402,1236061
2590393,1238488
2591397,1239943
2596457,1246626
2596831,1247004
2597794,1247556
2599014,1247712
2600365,1247702
2602663,1247274
2608931,1246100
2609514,1245835
2610225,1244997
2610790,1243387
2610967,1242590
2611047,1242240
2611702,1240717
2613182,1240507
2618427,1240253
2619060,1240265
2625364,1240614
2626535,1240866
2626997,1241331
2628102,1242466
2628427,1242941
2629229,1244695
2630129,1246253
2631367,1247346
2632787,1248174
2633505,1248148
2636790,1247072
2640967,1245265
2642329,1245000
2643681,1244985
2654270,1247990
2655364,1248340
2661367,1251241
2661824,1251549
2666159,1255827
2667121,1255291
2667739,1254394
2673288,1236931
2673538,1235781
2675081,1228310
2677022,1217006
2680510,1204691
2684353,1194665
2693953,1170101
2696055,1168191
2697094,1166908
2697399,1166442
2705432,1152858
2707194,1148743
2711281,1136217
2716448,1117992
2716506,1117358
2716409,1115322
2715489,1107324
2715337,1106583
2714724,1105506
2713176,1104828
2711043,1104045
2709420,1103499
2708332,1103157
2707163,1102884
2703233,1102764
2702649,1102628
2701103,1101980
2699910,1100766
2698920,1099283
2698389,1098136
2698198,1096645
2698167,1095328
2698207,1090013
2698326,1089436
2701559,1077107
2701797,1076583
2702403,1075680
2704934,1073376
2705530,1071122
2706764,1069312
2707094,1068873
2707906,1068076
2711770,1065366
2712339,1065031
2713095,1064867
2714843,1065242
2715502,1065276
2717256,1064486
2718067,1063688
2726172,1054383
2735869,1036072
2738130,1025322
2740084,1011713
2741256,1011161
2741765,1010829
2742665,1010113
2743771,1008874
2745524,1006690
2747074,1004430
2749474,1000703
2750008,999737
2750679,998160
2750826,997611
2750846,996947
2750639,996274
2750024,995200
2749062,994663
2743397,989320
2739217,979551
2738799,978175
2736949,971079
2736791,970307
2736498,968760
2734854,952703
2734930,951436
2735070,950824
2741047,935782
2741342,935312
2742049,934455
2749322,928128
2750898,927183
2751631,927142
2751937,929633
2752219,930203
2753132,930838
2753786,930867
2765170,925188
2768321,923294
2770219,921904
2771016,921098
2773168,917189
2773602,916167
2774578,912125
2775381,909993
2776086,909132
2776822,908300
2778072,907793
2778849,907650
2780206,907638
2784760,907864
2785463,907823
2786056,907542
2786764,906711
2787194,905657
2791242,898263
2803414,885308
2803826,884917
2805078,884437
2806537,884063
2809570,883584
2810253,883354
2811854,882426
2813331,881417
2814617,880206
2815666,878893
2816595,877530
2818390,874715
2820015,871128
2820618,868851
2821178,867210
2822183,864447
2822412,863948
2823335,862553
2824471,861292
2830013,856329
2830513,855990
2835599,852843
2838877,851030
2839439,850747
2842811,849776
2861791,844447
2862567,844298
2863297,844248
2869476,843841
2881269,835255
2890781,834013
2892060,834057
2893296,834233
2895652,834756
2897834,835520
2901716,837739
2902132,838167
2906083,844184
2907479,848910
2907347,849496
2907380,850032
2907940,851205
2908281,851705
2909130,852432
2910514,853352
2911515,853903
2913141,854478
2918198,855989
2922184,857052
2928916,860945
2936140,860987
2936778,860849
2937476,860006
2938535,856673
2938518,855309
2938325,854633
2924882,839244
2923275,837622
2920579,835651
2919360,834459
2916176,831211
2908995,822810
2908654,822311
2908093,821138
2907903,820462
2904867,806535
2904758,805120
2904832,803810
2905052,803277
2908590,798261
2915045,791153
2918909,787044
2925724,781405
2947835,761699
2949085,755758
2946306,750119
2941514,746222
2941285,745518
2941230,744826
2942056,736616
2942714,730048
2938876,729534
2938370,729310
2937422,728695
2931760,724080
2930993,723094
2930575,721746
2930303,721144
2929890,720749
2920708,715548
2919182,714780
2917809,714821
2916274,715134
2914893,715557
2912402,717256
2911599,718052
2910859,718904
2910552,719386
2908435,721388
2907081,721805
2904869,722104
2887466,720282
2884338,719924
2883352,719407
2882939,719012
2881241,716517
2880178,715121
2879310,714431
2872362,711606
2870112,710825
2865120,711255
2864402,711339
2863817,711598
2851480,718202
2850987,718545
2850155,719338
2849870,719783
2846570,726847
2842021,722621
2838182,707992
2842847,702639
2843338,702297
2845864,699976
2846663,699155
2861747,680779
2862274,679797
2862522,678594
2862557,677956
2862503,677265
2862032,674943
2861474,673773
2860750,672845
2859931,672055
2852498,663967
2846645,656454
2846869,648695
2844125,646677
2833575,649980
2832388,650531
2831899,650874
2830984,651614
2829791,652830
2829455,653281
2827918,655614
2827701,656146
2826560,658052
2825391,659961
2823849,662260
2821428,664693
2818433,667445
2817916,667789
2817291,667925
2816716,667769
2816308,667373
2814150,664584
2813762,663142
2812279,650057
2818047,639420
2821033,637393
2821549,637048
2822217,636812
2824555,636379
2827467,635626
2829413,634922
2830416,634234
2830813,633838
2831056,633303
2833767,626395
2834018,625225
2833756,624654
2833011,623761
2830995,621751
2830317,621642
2829404,622383
2829191,622915
2828485,623758
2824343,627730
2823767,628019
2821668,628108
2820383,628037
2818255,627178
2817804,626882
2815792,624871
2813417,622364
2812746,621366
2812459,620799
2812242,620128
2812044,617968
2811899,617194
2811231,616227
2807782,612327
2802375,606346
2801970,605951
2801032,605269
2800551,604946
2799912,604925
2799217,605133
2798037,605713
2797035,606367
2794810,608902
2794507,609380
2793684,610171
2788699,614224
2787723,614905
2786246,615297
2773233,622312
2758103,633995
2750695,642079
2749791,648427
2745290,657158
2744763,658163
2744451,658607
2743537,659370
2742467,659991
2737475,661229
2734955,660999
2733168,660625
2711074,654742
2696280,653755
2684220,651061
2676154,642180
2665949,634662
2661091,635512
2656458,642901
2655750,647601
2651781,649905
2646095,650051
2640855,650926
2629932,660421
2623447,668726
2619938,676368
2619897,680227
2616934,685505
2611634,690218
2605017,697356
2604145,700514
2602660,709891
2600943,716590
2593968,715270
2590532,715183
2578175,717782
2574140,719666
2570135,721928
2565845,721752
2564019,721674
2559765,720876
2557781,719888
2555482,719696
2549646,722872
2544913,725568
2541282,727788
2539224,730647
2538951,736820
2535584,742473
2529801,751393
2532341,754648
2532727,759613
2531416,762407
2521965,763542
2514059,764932
2503340,774596
2499450,778733
2496026,778867
2493646,777642
2486420,783178
2482466,786546
2480409,789768
2479545,793669
2480851,795872
2483619,797201
2485222,798232
2484949,804051
2484800,805282
2483090,807454
2478615,811756
2477235,812837
2468617,819157
2459752,823864
2448898,826971
2447981,828354
2447216,828508
2445466,828146
2442224,821099
2441022,819914
2440393,820026
2439678,821516
2440751,825676
2440131,826598
2433843,827461
2429412,827149
2426705,828012
2422570,831230
2420093,835504
2417055,837480
2413521,838434
2404207,838853
2397928,835363
2381405,836767
2381527,836913
2381708,839019
2381760,839731
2381590,841581
2381341,842720
2380919,843779
2379904,845067
2379102,845873
2377650,846881
2376847,847656
2376547,848113
2376125,849171
2376138,850510
2376606,852780
2377201,854886
2379054,859797
2380631,862424
2385217,867449
2385683,867758
2395354,873098
2403552,871935
2413118,869699
2414098,869033
2414986,868281
2416476,866642
2416981,866324
2417669,866241
2418215,866449
2418606,866856
2426474,877862
2427743,879918
2430617,885532
2430835,886202
2430798,886828
2424755,898009
2424453,898468
2421890,900716
2421888,907824
2421941,908537
2422110,909304
2422641,910449
2422983,910923
2423768,911737
2425098,912729
2426575,913461
2427954,914356
2429211,915478
2429897,916425
2430696,918174
2432009,921163
2433412,924988
2433798,926424
2433762,927050
2433638,927652
2432927,930481
2432287,932025
2431656,932945
2430992,933599
2429897,934478
2428820,935056
2426827,935703
2425372,936059
2422693,936132
2422096,936020
2421059,935597
2407218,935888
2406445,936037
2405878,936296
2398082,940999
2396793,942119
2395203,943727
2394607,943988
2378093,944808
2377527,944691
2376618,944069
2374729,940995
2373695,938576
2372964,937693
2372496,937414
2371979,937201
2371333,937153
2365221,937575
2364656,937863
2364237,938266
2363934,938722
2363069,940773
2362498,943022
2361850,944560
2361241,945473
2360458,946273
2358600,947676
2356867,948478
2354933,949201
2353516,949297
2352257,949257
2351663,949142
2350287,948208
2349041,947110
2347363,946663
2345431,946575
2335220,947038
2328369,949760
2320098,950911
2319177,950858
2317118,950960
2313674,951183
2298642,952920
2297176,953137
2294373,953779
2292985,953897
2291750,953757
2287582,953086
2280221,951246
2279192,950843
2275048,949142
2269592,946465
2269073,946155
2268609,945873
2267344,944770
2264973,942400
2264123,941707
2263609,941490
2261862,941130
2261171,941203
2259631,941514
2258292,941936
2244715,948054
2242743,950032
2241822,951389
2241601,951898
2241497,952494
2241432,953770
2241611,955869
2241592,956491
2241284,956944
2240102,958130
2239138,958806
2237973,959340
2236063,960041
2231957,961272
2209379,965869
2204567,966390
2203307,966516
2201727,966889
2200264,967094
2188256,966387
2187101,966140
2186127,965635
2185715,965223
2185764,964601
2188113,962242
2188248,961646
2188017,960977
2187225,960214
2183150,958420
2181587,957792
2180564,957382
2178949,956850
2176746,956194
2175284,956396
2172322,957700
2171640,957922
2170308,957962
2159868,951821
2159227,951793
2153454,952960
2152973,953295
2152180,954079
2151192,955400
2150796,955792
2149630,956316
2145525,957549
2143452,957747
2138380,957447
2136025,957040
2134927,956723
2134416,956502
2133499,955928
2133168,955419
2132714,954110
2132414,952578
2132109,951479
2131882,950809
2131274,949756
2130893,949373
2127271,946861
2126381,946255
2125923,945969
2117446,941714
2112047,941298
2109178,931907
2109054,930520
2108680,929085
2108404,928510
2108075,928031
2107669,927648
2104517,925450
2101314,923346
2100806,923154
2097116,922804
2096997,922749
2097826,918719
2101054,911664
2101845,910883
2102809,910217
2103378,909942
2104625,909448
2106159,909156
2109592,908122
2110159,907846
2111122,907180
2111827,906340
2112246,905298
2112517,903521
2112536,902865
2112454,902812
2110291,901526
2102805,895953
2100303,892764
2098561,890436
2098088,889222
2096157,879600
2096009,878834
2096258,877677
2099384,870594
2100476,868715
2101710,866890
2102407,865401
2103917,859168
2104272,857449
2106023,845664
2106045,845013
2105449,841360
2104926,839158
2101598,828091
2100969,827039
2100190,826273
2099733,825956
2094227,822362
2090895,820454
2080156,815719
2079622,815498
2079027,815650
2077960,816259
2072660,821277
2072269,821697
2068245,824796
2057535,831668
2056824,831732
2055609,831602
2051034,832369
2032831,835908
2032326,836240
2031931,836628
2031424,837608
2030752,840420
2030612,841631
2030893,843009
2031515,844064
2032241,844928
2032998,845828
2033963,845996
2036161,846640
2037649,847347
2038129,847666
2038352,848336
2037931,854320
2037679,855475
2034505,866432
2032337,873512
2031913,874550
2031603,874996
2030047,876578
2029085,877238
2028690,877656
2026117,883144
2025414,886666
2025301,887258
2025245,888528
2025096,910967
2023452,917154
2023196,918278
2023061,921002
2023342,925748
2021976,928772
2021748,929924
2021889,930691
2022190,931234
2025818,936644
2026222,937029
2027131,937608
2029266,938353
2029801,938578
2030228,938868
2031036,939638
2034839,943833
2040756,955262
2041030,955837
2043395,967696
2043538,969081
2043424,971620
2043283,972831
2042342,976796
2041912,978453
2041571,979549
2037079,990276
2035304,994336
2035981,997892
2036181,999337
2036036,1000547
2035117,1004510
2034142,1005817
2028895,1012151
2028493,1012538
2028005,1012867
2027346,1013079
2026705,1013044
2026196,1012848
2020655,1009366
2020248,1008950
2018332,1006927
2016313,1004444
2015203,1002388
2014446,1001523
2004599,1003519
1994738,1007298
1993849,1008012
1990779,1010630
1990060,1011461
1981063,1010317
1978682,1009017
1975069,1007576
1973281,1007302
1971869,1007446
1970351,1007749
1966453,1009094
1964734,1009928
1962808,1011263
1962406,1011678
1952814,1014734
1942753,1012336
1933882,1003043
1925720,997978
1921834,999063
1920104,998553
1915634,1001856
1915344,1002328
1914923,1003318
1914876,1004612
1914722,1005257
1914136,1005662
1907755,1009410
1899534,1011556
1898896,1011545
1898308,1011409
1891616,1007697
1872916,998324
1858624,991888
1846674,994621
1845982,994701
1845451,994469
1845052,994110
1843644,992268
1839371,992998
1838866,992795
1835978,991454
1835527,991158
1834333,989987
1833989,989503
1832398,987941
1831494,987349
1829929,986742
1828788,986525
1828098,986573
1822132,988296
1821474,988498
1820887,989406
1820471,990464
1820346,991022
1819674,991871
1812262,996798
1811027,997290
1810496,997087
1801385,990126
1800538,989437
1799348,988294
1798318,986840
1797952,985431
1797668,982665
1797787,979490
1798170,974551
1798026,973168
1797527,971948
1795943,970382
1788281,965167
1787831,964870
1787140,964947
1782029,967341
1781482,967630
1778977,969256
1775810,971081
1770405,974184
1759297,979836
1758721,980093
1758086,980075
1756335,979741
1747468,977298
1746438,976887
1745514,976289
1745119,975896
1744438,974954
1743891,973825
1743657,973152
1721852,958618
1710542,952191
1705268,950091
1703181,950556
1700762,951056
1700129,951035
1695859,949593
1691229,947879
1690258,947401
1689866,947007
1689581,946426
1689515,945750
1689617,945163
1690144,943555
1690755,942037
1691346,941105
1692807,937512
1693037,936369
1693438,930144
1693213,928086
1692914,926582
1692685,925908
1690147,920005
1689890,919424
1688852,917993
1688123,917142
1685670,914900
1685197,914600
1684175,914214
1683018,913985
1674698,912750
1664351,911658
1658458,910719
1657301,910487
1654705,909473
1639665,896015
1631022,901464
1630621,902484
1630240,902888
1629177,903514
1627092,903720
1619125,903398
1618548,903280
1617530,902847
1612489,904167
1612626,910259
1611284,913932
1608080,911868
1605651,910565
1603251,909293
1600327,907778
1589002,902201
1586413,901172
1580730,900810
1578809,900760
1567694,900886
1565226,906652
1565585,907143
1565561,907759
1564937,909331
1563630,911707
1561882,913839
1560735,915013
1559776,915695
1558349,916070
1557661,916135
1557001,916138
1555214,915899
1553674,915290
1553206,914985
1552289,912588
1552122,911820
1551678,910530
1550876,909732
1544761,904124
1543799,903635
1541958,903488
1539269,903588
1532049,903730
1530074,903766
1528344,903431
1523209,902333
1503502,897858
1503091,897458
1501116,892381
1500950,891643
1500979,890996
1501390,889335
1501334,888658
1499938,882597
1498790,877704
1498570,877058
1497722,875334
1496846,874657
1493286,874962
1491889,875115
1488573,876219
1486683,876955
1483726,877505
1474928,878873
1472902,878991
1471669,878865
1470574,878554
1469534,878121
1467757,876854
1458170,869592
1457324,868912
1455196,867150
1442490,857554
1434401,851973
1432133,851467
1427844,851041
1425682,851581
1424529,852158
1423568,852829
1421640,854847
1419018,858399
1418360,858610
1417649,858697
1416558,858382
1416039,858162
1406730,852491
1406269,852180
1405455,851435
1401034,847120
1389350,840029
1377834,833728
1376914,833134
1376507,832760
1376158,832295
1376003,831524
1376009,830878
1366621,823479
1359118,823638
1351926,805725
1349153,801041
1348695,800758
1346553,800053
1343842,799217
1339448,797956
1333312,796792
1324284,792441
1323369,791873
1321967,790989
1301638,776833
1290077,768315
1285877,764727
1284339,765683
1282988,766766
1282601,767191
1282321,767647
1282201,768199
1282269,768909
1282758,771782
1278916,775159
1270706,771118
1264275,763935
1263588,762966
1257971,757644
1257171,756887
1247968,751945
1239937,748285
1239481,747997
1239084,747588
1238798,747026
1238596,740429
1238610,739813
1238948,738065
1239446,736443
1240440,734494
1253275,714939
1258440,711138
1262296,706569
1263843,698499
1264390,695615
1264403,694968
1264117,694408
1263722,693999
1262509,693881
1261806,693959
1261409,693580
1257875,683431
1257823,682105
1258343,680484
1263189,675813
1265434,674135
1268307,672069
1269078,671284
1274759,663484
1275078,662382
1275806,659624
1275926,659041
1275832,658331
1275603,657679
1274361,656607
1273431,656033
1272919,654791
1272572,653274
1271788,648236
1271801,647590
1271921,647038
1272199,646551
1272890,645702
1275608,642893
1276482,642140
1278378,641409
1279079,641330
1281574,641504
1282274,641425
1282949,641223
1283414,640862
1287387,636843
1288153,636057
1288735,635114
1291617,629039
1292936,625984
1293412,624946
1294099,624065
1294587,623736
1295990,623331
1297386,623203
1299960,623281
1301850,622546
1308029,617389
1308438,616996
1320870,604180
1321145,603723
1327716,599611
1335682,597158
1336109,596600
1336305,596080
1336101,595399
1333571,591203
1333231,590735
1332304,590136
1331773,589943
1328895,589374
1327777,589079
1324478,588132
1323947,587939
1322911,587522
1315517,583825
1314591,583254
1313722,582562
1313017,581595
1311772,579510
1310638,577211
1310409,576560
1309732,575593
1296888,567102
1295966,566499
1295436,566304
1294267,566066
1293572,566145
1292334,566645
1287757,566062
1276483,560381
1268815,555965
1267728,555633
1266616,555332
1264808,555107
1260283,554729
1257816,554523
1259048,552791
1259958,551394
1262934,537533
1262708,536881
1262375,536381
1257079,530437
1256136,529829
1235581,519905
1234527,519509
1234002,519630
1232668,519369
1231506,519124
1229148,515704
1228373,512849
1228150,512196
1227457,511222
1226200,510542
1225674,510343
1215099,507504
1214407,507578
1206907,508913
1206313,509205
1204311,510505
1203823,510862
1203056,511641
1202751,512126
1201958,512905
1201313,513134
1200650,513115
1196832,510940
1195975,510268
1183831,499672
1181495,494179
1176451,491861
1174549,490784
1174136,490401
1173119,488951
1167672,478416
1167399,477852
1165498,471838
1165441,471127
1165539,470575
1166068,468926
1166088,468310
1165572,467059
1160692,460855
1154029,455946
1153507,455743
1152817,455813
1151321,456225
1149391,456962
1147670,457829
1146902,458605
1146595,459088
1146393,459606
1133022,471426
1127985,471799
1127350,471776
1125781,471164
1122870,469578
1122573,469012
1122358,468356
1118157,447925
1118076,447243
1118204,446661
1118690,445661
1119587,444274
1123125,442244
1123737,442112
1124370,442135
1124937,441847
1130762,437089
1131042,436636
1131065,435989
1130825,435332
1124678,428659
1124010,428882
1123351,428858
1122423,428268
1121744,427317
1119482,422881
1119289,422380
1117369,417246
1117495,416016
1121980,404578
1122915,402319
1123689,401123
1124606,399089
1125361,397170
1125602,396348
1125702,395765
1125668,394560
1122736,392044
1121349,391159
1118604,389297
1117330,388230
1115202,385433
1110332,378794
1109396,377184
1108557,374434
1108055,373179
1107203,371479
1106267,369837
1105248,368408
1104033,367249
1098908,364421
1099785,363869
1100168,363483
1100194,362835
1099835,344264
1098988,342532
1094868,335015
1094176,334060
1093592,333502
1093024,332809
1092789,332151
1092637,331373
1092717,330727
1092921,330210
1093228,329729
1093610,329344
1095140,328356
1102315,326824
1102944,326819
1106027,328146
1108901,328877
1109553,328903
1110237,328806
1115684,327877
1117799,327249
1118385,326963
1119326,326289
1120495,325068
1121130,323518
1121716,322584
1122096,322197
1123827,321337
1125756,321410
1126352,321525
1127383,321903
1128190,322706
1128426,323364
1128580,324109
1128737,325504
1128510,326669
1127428,331845
1128081,338105
1128585,339359
1129518,340967
1130189,341949
1130997,342720
1140845,351937
1142192,353065
1146028,354220
1156218,351183
1160611,343589
1160732,342359
1160932,341841
1161617,340970
1163143,339941
1164872,339074
1166220,338626
1168968,337792
1171079,337184
1173195,336803
1176429,339025
1177518,339339
1178171,339360
1178831,339135
1191812,328566
1192672,327821
1194537,325751
1195921,324005
1197100,322160
1198281,320252
1198480,319734
1199956,314105
1200044,311207
1199774,310644
1192990,296771
1192613,296296
1189813,293555
1188977,292818
1187505,291661
1186584,291138
1185484,289746
1184948,288648
1184472,287306
1184342,286500
1184356,285266
1185751,276674
1186408,273210
1187055,271688
1177687,262157
1176068,261763
1174991,261326
1172947,260423
1169778,258249
1169352,257833
1166127,256642
1161740,254514
1153054,248064
1152224,247324
1151850,246910
1151218,245775
1148261,240205
1147412,238600
1147026,236801
1144257,235057
1142979,233929
1140153,231292
1139060,230109
1138105,228684
1137546,227737
1136270,224508
1135903,223291
1135667,222046
1135535,220745
1135486,220003
1135603,214234
1135861,212206
1136229,209349
1136464,207939
1136967,203574
1137420,198466
1137430,196214
1137204,191327
1137129,190583
1136815,188719
1133276,175090
1132226,171683
1131571,169990
1130920,166939
1130790,166316
1130743,165573
1131211,162813
1132547,160210
1132949,159794
1134720,158504
1135219,158215
1136960,157696
1138848,157338
1141807,156526
1142975,156169
1146284,154906
1146756,154645
1151463,151643
1153580,149901
1154775,148772
1156100,146939
1156626,145878
1157384,143436
1157614,142056
1157592,139863
1157331,138618
1156806,136871
1155416,132434
1152419,128898
1131501,112957
1130137,111914
1126567,109824
1124961,109110
1123226,108391
1121385,107822
1119306,107458
1110653,106013
1107756,105643
1103256,104523
1102074,104101
1099789,103168
1099290,102899
1098274,102206
1097042,101163
1096367,100237
1094600,97441
1093744,96013
1093105,94316
1092190,88498
1088793,73327
1088126,71752
1086968,69815
1085514,68173
1084380,66235
1084152,65669
1083725,63888
1083533,62519
1083383,59700
1079840,44547
1079278,43563
1077154,39568
1074130,32687
1071757,26083
1071672,24687
1071846,21574
1072223,19521
1073146,17154
1076454,8842
1077364,7278
1078302,5622
1078534,4985
1078663,3878
1078179,2371
1077710,1607
1076899,1105
1075536,514
1074756,446
1074020,503
1070703,1147
1069953,1482
1069195,2033
1067249,4071
1066062,5590
1065294,6264
1063283,7516
1061642,7507
1060865,7376
1060146,7062
1059458,6626
1058705,6001
1058053,5381
1056867,3807
1055303,1193
1054811,0
1054255,429
1050349,2645
1030620,13534
1014821,22156
1008228,25789
1000316,30149
981919,40344
981255,40832
981764,41728
982007,42361
982850,46280
982958,47524
982824,48971
982390,50308
981254,51481
979989,52678
979639,52999
978809,53694
971686,66626
971525,68072
970805,73851
970514,75352
967075,86577
966643,86986
965334,87931
962620,88825
960551,88766
959792,88628
959115,88403
957420,87620
956410,86972
955149,85782
954533,84972
953423,83016
952973,81966
951857,80104
951089,79252
950080,78603
948202,77963
947469,77825
943645,78058
930677,76018
929230,75029
928059,74523
927382,74325
926696,74251
924818,74443
922742,75303
910974,80441
909994,80967
908857,82320
905262,86799
904493,88393
904124,89733
903783,90237
903422,90679
902439,91204
898687,92510
897586,92872
896940,92954
896278,92879
894646,91965
892791,90540
890335,88919
888648,88063
886798,87350
885275,87124
883896,87062
881394,87266
879716,87804
876108,89203
871925,91865
870156,93327
869385,94081
869047,94523
868051,95943
866976,97391
866210,98082
865321,98672
864733,99004
863701,99429
862465,99468
850382,99213
848172,98839
826066,91441
825470,91148
822671,89731
821665,89098
812905,82481
808106,82462
807264,82398
803017,81828
800739,81374
796535,80244
762906,71034
761032,70386
757919,69168
750885,65948
748615,64797
746990,63947
744778,62736
743186,61795
740808,60726
735824,58908
734305,58624
732905,58475
730351,58602
727418,59257
722553,60837
720038,61992
719070,62501
718098,63041
714092,65936
713052,66377
711226,66656
705277,66701
698144,67603
695911,68404
695015,68919
694154,69622
693385,70458
692755,71462
692513,72158
692372,72894
688819,82181
685947,84889
678645,95278
677804,96887
677590,97554
677418,98318
677473,100320
677577,100890
677997,101987
678535,102909
679559,104215
681529,106198
682118,106562
684655,107409
686818,107537
688754,107582
689459,107488
690150,107580
690829,107795
692522,108567
692951,108977
693373,109481
693906,111086
696242,118769
696558,120509
696555,121133
696407,121962
695499,123472
693999,124339
692945,124841
690893,125505
689819,125941
688299,126712
686953,127593
686180,128429
685476,129365
684911,131373
684759,132826
685125,134572
685574,135671
686283,137072
687220,138525
687849,139360
688607,140204
690051,141202
690650,141472
691414,141631
692857,141786
694111,141677
695233,141305
697511,140753
700721,140530
715348,142701
717206,143448
718132,144148
718487,144551
719109,145476
719542,146508
719726,147739
719667,148450
719360,149949
718423,152487
717420,153930
716990,154423
715461,155947
713290,157665
711398,158877
709930,159657
708465,160375
706842,161142
705166,161593
703383,161785
701983,161729
699921,161523
697779,161341
696584,161613
695560,162055
694722,162731
693573,164005
691246,167483
690311,168991
689669,170089
689432,170692
689170,171356
688722,172627
688133,175568
688075,176249
688118,177562
688329,179356
689196,181424
690138,182906
690853,183685
692714,185089
694162,186146
696715,187702
699541,189748
701586,191788
702713,192973
703395,193871
703920,194755
704378,195822
704724,197003
704856,198851
704774,199530
704208,201632
699375,214187
698012,217033
697099,218576
695544,220284
694126,221287
693173,221736
691019,222459
690383,222561
688717,223076
687880,223691
687525,224190
686960,225295
686357,227488
686242,228850
686165,230370
686139,232238
686330,233407
686870,234448
687806,235774
688157,236271
699728,250347
701077,251485
702016,252186
702539,252540
705065,253400
707269,253737
709494,254104
711512,254766
712595,255320
713981,256366
714390,256804
714941,257783
715223,259487
716009,270943
716008,271628
715656,273063
715068,274168
712310,277384
712898,279286
713367,280319
713976,281240
714782,282020
715862,282636
730733,286144
737105,285676
738844,285282
740392,284625
741386,284018
741785,283613
743277,292220
740860,304507
740821,306400
743005,314343
743271,315017
744685,316866
745887,318046
747211,319017
748338,319444
762810,321211
773341,320247
774765,319854
775484,319750
776113,319796
777171,320090
778770,320922
793329,329887
794231,330541
800856,335635
801645,336435
801635,336783
801841,340881
802108,342617
804079,344661
806278,346147
807641,348722
806485,351698
798823,360146
793739,364380
787670,366060
772886,368651
768637,368922
766474,366857
763098,365659
759970,366389
758729,367637
754564,372113
743964,377646
736874,379800
730216,383893
728939,385520
717812,400368
718028,402679
719795,404916
720879,405954
722221,408732
725293,416993
729362,430297
728442,435009
726103,435220
724024,437170
721945,439120
720402,441683
716445,461472
717539,467864
718938,472748
722061,472594
723937,470819
723699,468698
725701,467888
731407,469641
733246,471112
733526,472661
732578,475078
731917,476178
728340,477257
718048,481751
700421,491885
693056,496243
686084,505204
679556,512827
672677,517215
671424,517741
666018,522147
660108,532244
647164,544111
646713,544678
645485,546506
645558,547329
645908,547499
648628,548818
649960,549764
650790,550546
652484,553046
652763,553629
653534,555527
653875,557049
654375,559985
654695,562128
654757,564127
654793,566092
650833,572897
637221,579170
630334,580556
624913,581525
616374,583146
614872,583617
599334,589368
597113,590277
588731,612144
582053,629660
581336,631411
580657,632697
560332,665536
556417,669456
549811,676335
545300,686950
544840,687849
533655,691529
532872,691713
522514,695204
513147,699901
508830,702091
504511,704281
487521,711145
477127,721710
476877,722033
476226,723759
471772,736009
466604,750012
465679,752309
458072,760337
452520,764163
442589,771292
434472,781274
434246,781630
431791,793441
430582,798847
409642,805002
404293,805609
401646,805899
397686,805941
396402,805948
392570,805781
388865,805436
387108,805146
383978,804917
380145,804746
375566,804785
365380,805391
362618,805662
360333,806197
355362,807669
350676,809324
348093,810332
345025,811702
338600,814255
334682,815729
331801,816580
328136,817449
325305,817769
323411,817678
321585,817467
319246,817048
317047,816360
315454,815762
313580,814602
312712,813760
311819,812036
307750,801749
307029,799726
306649,798209
306660,797549
306771,796994
307572,794871
307854,793735
307790,792407
307521,790932
306870,789891
305787,788429
301162,782202
300384,781335
297712,779301
294937,777476
293924,776994
291258,775998
290014,775871
280646,777270
279163,777558
278013,778133
263967,788369
262512,789447
261163,791037
252963,796617
251981,797965
250635,800379
250138,801367
247117,807454
246188,809628
244646,813346
243344,816932
242168,819585
241222,821379
240471,822373
221930,841096
209542,851090
207503,851948
205832,852276
204224,852800
203748,853034
202396,854058
191439,863064
190637,863957
190270,864487
182074,881595
181189,883524
180986,884102
176836,901457
176390,903528
176323,904153
176373,904759
176704,906438
177208,908641
177772,910819
178003,911318
178353,911766
178793,912160
181181,913456
184069,914867
185990,915765
190090,918059
195987,921361
198611,923150
200464,924700
200815,925147
201403,926061
203203,929499
204671,931230
205673,931965
207597,932857
208336,933123
209724,933423
214751,933654
216571,933619
220330,933750
229765,934139
233043,934533
235144,935060
237136,935828
239295,937211
240267,937971
241596,939144
242391,939981
242714,940422
243707,942413
243998,943482
244050,944087
244013,945312
242427,958710
242023,961349
239622,974414
239471,975093
238714,977289
236786,981543
235042,984240
232693,986972
230901,989569
230563,990103
229951,991399
229417,992765
227779,1002442
227859,1003648
228007,1004167
230117,1011122
231094,1013078
243639,1035823
244535,1036602
245608,1037303
248059,1038547
251377,1039966
253378,1040818
254828,1041208
266688,1041606
268566,1041657
269743,1041579
270902,1041373
273863,1039919
275425,1039373
277664,1038890
278889,1038910
280259,1039195
281005,1039454
282289,1040045
282825,1040410
283274,1040798
283605,1041237
284314,1042782
284406,1043955
284406,1046409
284259,1048314
284049,1049647
283604,1051683
283037,1055028
282830,1056361
282590,1058321
281561,1069804
281529,1070462
281503,1072913
281657,1074658
281807,1075206
287573,1088755
288087,1089714
291607,1094090
292748,1095388
294408,1096984
296423,1099052
297899,1100788
298833,1102160
299803,1104102
300233,1105712
300283,1108043
300665,1112729
301010,1115620
301321,1117910
303413,1127273
303996,1129430
305795,1134083
306280,1135068
307101,1136491
308527,1138847
314913,1156462
315351,1159274
307941,1162047
307461,1162288
307029,1162627
306234,1163500
305202,1165139
304368,1167140
304223,1167819
304159,1171867
304193,1172467
305039,1180961
305386,1182624
305876,1183609
306331,1183994
307596,1184323
309214,1183896
309823,1183854
313578,1185339
314639,1186026
315548,1186826
315885,1187263
316042,1187779
315986,1188434
315723,1189165
314909,1189943
307335,1194416
305565,1194578
304937,1194524
303542,1193996
302570,1193253
301297,1192672
300012,1192561
298388,1193018
296915,1193739
290318,1197756
289935,1198195
289699,1198928
289645,1199553
289836,1200669
291876,1202732
291724,1203159
290678,1203571
283221,1205817
281599,1206242
278588,1206388
267925,1204982
267167,1204758
266530,1204450
264918,1203426
261513,1200828
260721,1200003
260324,1198961
260662,1194522
261751,1188106
262233,1187866
262619,1187428
262983,1186894
263270,1186259
263774,1184793
263076,1183913
261742,1182724
260560,1182084
259930,1182028
259319,1182099
244489,1184510
235404,1187371
229791,1189757
228356,1190603
227264,1190881
220505,1192152
218758,1192307
216178,1192101
213173,1192217
212438,1193490
209285,1199787
208576,1201204
206924,1204251
205470,1205079
202016,1206777
200849,1206890
199330,1206749
170790,1203915
167908,1201081
163200,1195108
159062,1190257
153407,1189428
136544,1187662
123278,1186958
106379,1183347
105669,1183213
104641,1183616
99721,1186067
98667,1186468
98127,1186635
95670,1186799
94939,1186567
94244,1185674
93733,1184704
93142,1182522
93083,1181946
92702,1180830
91584,1179545
90677,1178757
90131,1178416
79094,1176183
76527,1176015
75330,1176082
72607,1176849
71228,1177531
71217,1177613
70927,1179909
68152,1208476
67719,1213281
67436,1216677
61873,1216080
55467,1215458
30365,1213153
28660,1213261
19698,1214675
18363,1215711
11672,1221585
10879,1222456
10256,1223661
9844,1225080
7941,1233775
7072,1245413
6578,1245648
975,1249417
530,1249752
132,1250187
0,1250904
28,1251480
389,1251930
941,1252274
3465,1253332
4231,1253570
11413,1255492
12127,1255661
18636,1256143
19180,1255976
20168,1255475
22714,1253196
23733,1249840
26142,1246024
26588,1245688
33474,1240968
33995,1240736
51313,1233589
65390,1230831
62936,1233785
50421,1240351
29800,1251987
28466,1253025
28071,1253461
27771,1254096
27549,1254836
26394,1263829
26559,1265656
28539,1274397
38192,1293745
48038,1307635
48404,1308083
49684,1309383
58069,1316262
72858,1327332
76858,1329618
79140,1330913
87603,1335933
88495,1336714
93729,1341831
96013,1344356
97000,1345082
103844,1349015
109337,1350792
123570,1354387
151846,1363308
154557,1364751
158600,1359147
158991,1358708
159872,1358030
164087,1355377
165555,1354656
168597,1353350
170266,1352994
210662,1345321
217314,1346999
221053,1348297
221607,1348628
222475,1349395
223162,1349549
227356,1349278
227843,1349036
228131,1348400
229095,1344956
230153,1340765
230050,1339591
229697,1337924
229382,1336858
229463,1335574
230304,1333568
231028,1332592
231853,1331812
237626,1328656
238142,1328417
238593,1328455
238777,1328471
239303,1328799
241195,1331541
241696,1332497
242846,1337440
242914,1338013
242717,1339317
241977,1341520
240539,1344735
239815,1345712
239400,1346149
238524,1346830
238038,1347072
237500,1347215
236325,1347335
235689,1347281
234313,1347007
232888,1346602
232324,1346743
226200,1352548
224618,1354333
219320,1362036
218985,1362542
205982,1383038
202735,1388462
202057,1389570
201228,1390350
200251,1390833
199171,1391150
197993,1391238
197353,1391183
193088,1390060
188338,1388767
187272,1388580
186282,1388841
183683,1389782
181131,1390822
176350,1393244
168593,1397488
150154,1402682
124778,1408569
106220,1412772
105654,1412847
103284,1413043
100291,1413245
98362,1413100
97502,1412832
94680,1410549
93872,1409716
93531,1409273
93217,1408200
93182,1407628
93303,1406943
94545,1403355
94797,1402841
92533,1397729
85630,1388418
85073,1388081
84479,1388152
78560,1391050
77620,1391659
77225,1392097
75329,1394421
73398,1397122
72361,1398766
69970,1404179
69723,1404917
69609,1408041
69828,1409170
71050,1413464
72324,1415925
74287,1419242
76095,1422005
85203,1435881
92612,1445570
96020,1449990
105396,1459967
106301,1460743
116129,1471757
127496,1485607
129248,1487559
130250,1488277
131530,1488830
133023,1489306
133556,1489636
134809,1490849
136727,1492939
150269,1509399
153899,1515415
156554,1520053
160211,1526162
171653,1542997
174536,1546416
176026,1548082
189007,1561669
197028,1569773
202433,1574734
221449,1588836
222460,1589544
227357,1592405
241974,1599712
252306,1604669
253604,1605112
267337,1605284
267931,1605233
286239,1600108
291393,1598224
295956,1596358
312427,1591241
319590,1589589
322318,1588937
323244,1588344
323908,1587295
324137,1586558
333728,1579246
358092,1572436
380821,1564519
385813,1561920
391653,1558469
392611,1557752
392680,1557162
392543,1556590
391679,1552057
392636,1546209
392734,1545622
400653,1536528
401383,1535702
402773,1534639
404362,1533684
407451,1530454
408473,1529179
409217,1527728
414476,1513201
411120,1504154
407255,1502106
407716,1499229
407583,1498625
403606,1492751
403194,1492379
402617,1492276
393678,1492247
388093,1493107
387516,1493004
384787,1491058
384688,1490394
385426,1484500
385608,1483981
385989,1483569
386620,1483332
387512,1483959
388334,1484705
388710,1485170
389159,1485452
393378,1486938
394404,1487291
395010,1487397
395626,1487377
402886,1487133
403180,1486685
402947,1477065
402599,1476602
402021,1476531
400637,1476715
399976,1476951
399512,1477325
398306,1477866
397190,1477568
392293,1476191
391239,1475835
390315,1475269
390004,1474715
390105,1474128
390484,1473716
391113,1473479
400158,1471457
405152,1472245
405745,1472099
412966,1468943
415100,1467621
418245,1464306
419380,1463072
419645,1462589
420190,1461033
422350,1453460
422516,1452314
422252,1450233
421057,1445240
420848,1444475
420092,1443641
419513,1443569
417262,1444131
415570,1443762
407897,1441063
406636,1439973
405572,1438552
405291,1438000
405195,1437305
405377,1436786
406034,1436551
411952,1436032
415683,1435951
428838,1436715
429296,1441030
429525,1441921
429900,1442385
430822,1442949
437146,1445323
437723,1445425
438427,1445317
440971,1444711
441631,1444443
441893,1443993
442648,1443169
446569,1440687
447880,1440214
450130,1439649
450704,1439751
459882,1442434
470593,1444838
471707,1444257
474707,1442864
484067,1442765
484478,1443136
485201,1444057
485337,1444659
485318,1448465
484878,1449435
484389,1449809
483733,1450047
482358,1450206
481781,1450137
481270,1449947
480317,1449385
479083,1448274
477786,1447252
477340,1446972
476289,1446591
475111,1446388
474435,1446499
473779,1446736
472372,1447798
471244,1449035
469561,1451170
468365,1452995
467612,1453819
467153,1454164
466496,1454401
460588,1452694
459537,1452343
459060,1452061
456593,1449834
455707,1449181
454145,1448606
452226,1448602
449976,1449167
448859,1449779
447940,1450467
447184,1451290
444366,1455941
442415,1461089
442051,1462158
439501,1473141
439402,1473728
439501,1474422
441767,1480574
442555,1481408
443035,1481659
444187,1481862
445390,1481318
446803,1480257
447179,1479844
448940,1478369
450351,1477308
452013,1476420
460595,1473556
461187,1473408
461892,1473330
462980,1473589
463457,1473871
463866,1474273
460592,1477990
458455,1479878
457881,1480184
457142,1480353
456629,1480163
455392,1479050
454916,1478769
454275,1478788
453646,1479028
452152,1480021
451773,1480433
445398,1488597
445134,1489048
444120,1492854
443733,1495172
443643,1498259
442921,1500335
442362,1501266
440310,1504472
439835,1505472
439666,1506679
439765,1507373
440069,1508084
440841,1508757
441320,1509039
442474,1509240
444667,1508761
446331,1507872
447733,1507434
449182,1507155
450437,1507144
461720,1507792
462297,1507892
462840,1508083
463289,1508362
464116,1509103
465520,1509944
466032,1510133
467188,1510302
482774,1509746
485739,1508999
487054,1508490
491539,1506748
493311,1505925
495637,1504169
496292,1503930
502699,1501683
503193,1501714
503579,1502986
503425,1503569
503134,1504019
502383,1504845
501353,1505497
479142,1513633
478486,1513872
477002,1514244
475617,1514436
473784,1514350
472053,1514051
470833,1513972
470091,1514174
469517,1514449
453298,1525853
449462,1528632
447786,1530146
446961,1531560
444814,1535324
444285,1536257
444076,1536775
444093,1537400
444608,1537590
445861,1537204
451539,1534889
452461,1534199
453414,1533481
454798,1532415
455919,1531832
458112,1531381
460853,1530997
461396,1531188
462098,1532107
462199,1532801
462106,1533357
461811,1533837
461349,1534182
452411,1537694
446415,1539021
444155,1539591
441859,1540722
441562,1541202
441465,1541789
441568,1542452
444193,1552463
445232,1554936
445931,1555887
446491,1555829
449148,1555065
455740,1561360
456391,1562620
452401,1565924
447680,1569180
447021,1569419
445760,1569400
445101,1569639
444626,1570639
444589,1571667
444690,1572361
444942,1573002
445229,1573551
445931,1574471
446412,1574752
453915,1576169
454593,1576087
455254,1575848
456460,1575300
456922,1574955
459738,1572606
464349,1570557
464892,1570747
465343,1571025
466012,1572035
469657,1577883
469561,1578470
468919,1581239
468626,1581688
467240,1595428
467451,1602870
467550,1603157
471301,1607009
474481,1606831
475058,1606524
475475,1606893
476176,1611210
476000,1613602
469206,1640177
468733,1641147
465438,1645534
463208,1647364
462831,1647777
462654,1648266
461931,1652872
461564,1654535
461207,1655575
460943,1656026
460101,1656786
459006,1657375
457511,1657753
457134,1658166
453818,1663738
453100,1665817
451841,1671952
450134,1680621
449941,1681799
449319,1685785
446434,1697817
446170,1698300
445441,1699099
441993,1705322
441463,1710660
441949,1716809
442324,1719392
444508,1722895
444450,1730291
444193,1742046
444185,1742670
447597,1766658
447704,1767351
451109,1771951
452024,1772503
453398,1772302
460686,1773317
469048,1775232
469571,1775418
472248,1777255
473132,1777866
473950,1778599
476558,1782240
477846,1786207
477847,1786679
477383,1787027
476196,1787584
475475,1787761
474464,1787299
474170,1786752
472415,1782130
472221,1781401
458200,1773797
457678,1773611
457119,1773548
450105,1773921
449754,1774337
448148,1782110
448086,1782668
448079,1783292
449057,1790964
449333,1792353
449757,1792721
450306,1792441
451127,1791052
451942,1790288
452959,1789628
453484,1789815
453478,1790439
453217,1803250
452794,1804941
450687,1809565
450132,1810469
449696,1810819
448208,1812451
447215,1813736
446685,1814673
446594,1815230
446738,1815831
452053,1818974
459513,1809942
464623,1802994
468728,1801229
476887,1808049
477246,1808506
477443,1809234
477432,1810481
477255,1811001
468516,1816065
461556,1818949
464639,1826453
469408,1833643
468426,1840638
467202,1834831
466906,1834284
463193,1830022
462732,1829747
462159,1829902
455500,1832087
454983,1832307
454018,1837308
453935,1838202
453751,1847371
458092,1863524
456558,1867589
456289,1868666
456144,1872932
456535,1875013
456734,1875741
458307,1879633
460164,1882729
463648,1888221
463361,1901805
466510,1923274
470685,1935188
474953,1946074
475689,1948575
476702,1953834
476786,1954524
476726,1955082
476433,1955566
475532,1956236
474801,1957071
474539,1957525
475485,1963497
475988,1964770
477126,1967042
481428,1982379
482028,1985869
482954,1993950
487198,2015982
488235,2019274
489589,2026445
489444,2028806
489298,2031167
489212,2031723
488949,2032178
488471,2032154
486802,2035625
487804,2052001
491089,2079855
495776,2090637
493444,2090402
491919,2093415
493570,2099847
499459,2121954
502810,2141508
502841,2142132
506603,2149526
508027,2151334
510641,2154191
511251,2154716
513289,2156270
517088,2160267
517835,2161079
519557,2164392
521797,2168972
522016,2169447
522494,2170932
523316,2173488
523408,2174146
523324,2174702
522374,2177804
522290,2178361
522661,2178813
525297,2180576
528187,2180671
526934,2181768
526585,2182188
526382,2182677
526416,2183301
534473,2207167
537097,2211446
537603,2211623
539852,2211966
540422,2212053
542762,2212337
550564,2215523
551005,2215790
553239,2217188
554090,2217813
554335,2218445
555451,2221383
555368,2221939
554733,2221944
554292,2221678
553919,2221227
553327,2220146
552836,2218912
552458,2218555
551516,2218018
550505,2217666
549999,2217520
541258,2216598
537075,2216298
536472,2216304
536121,2216725
536279,2217291
536622,2217741
538434,2219870
539220,2220556
542860,2223028
543223,2223024
544484,2222722
545168,2222825
545413,2223040
548816,2228635
553156,2244360
553444,2255192
565044,2273497
568100,2278014
566435,2285052
566531,2285708
567123,2286788
567469,2287236
567879,2287594
575677,2292339
580794,2292970
581212,2293111
582947,2294389
583704,2295194
585726,2299309
585732,2299931
586729,2307983
588150,2316858
588310,2317423
588658,2317871
589131,2318137
591296,2318528
591852,2318238
592458,2317391
592619,2316279
592501,2313790
592848,2313399
594187,2312362
594728,2312444
596491,2315491
600239,2322150
599133,2325122
598754,2325512
598214,2325430
597422,2324718
596106,2325911
598655,2335694
601373,2345015
603510,2348787
606047,2361701
607829,2371264
614412,2383228
615111,2384121
618581,2391628
620232,2395595
624999,2419714
625124,2430517
625234,2431761
630264,2459075
634035,2482743
637587,2504258
637842,2504886
638164,2505299
639540,2506087
640534,2506427
642136,2516650
642840,2517509
644888,2521262
649136,2532833
659186,2555547
670166,2578522
675090,2594342
676057,2599048
676672,2601048
677027,2601492
677574,2601569
681793,2601282
683867,2601091
685663,2601295
696529,2618007
712650,2636298
715053,2642552
715365,2643458
715758,2644830
716331,2648715
717744,2653209
717973,2653834
720756,2660869
721278,2661997
722119,2662606
723117,2662940
724373,2662817
725531,2662907
728408,2665053
729509,2666256
732492,2674129
747296,2717337
750300,2730400
750593,2732325
751889,2737180
753604,2742540
763990,2766956
770071,2781745
778686,2806290
780484,2817272
780717,2817895
781961,2819991
782636,2823065
782902,2823596
786071,2829039
786467,2829170
786500,2825894
785516,2819939
785406,2819318
784581,2817756
783893,2816908
783597,2816376
783365,2815784
783086,2814449
783005,2813829
783240,2812783
783767,2812515
784318,2812588
786543,2814581
787230,2815460
795355,2833765
798490,2836422
799273,2837117
799898,2838057
802221,2843201
803434,2847148
803512,2847799
805339,2863099
806122,2872075
806108,2872848
811051,2877604
814167,2879917
814221,2880319
812602,2883349
812107,2883618
810935,2883967
802396,2882884
798739,2881487
797987,2880701
797753,2880140
797809,2878751
799307,2872443
800732,2868390
801617,2866954
799041,2852442
795656,2853150
791362,2846243
788923,2841429
788690,2840837
788318,2839470
788382,2837740
788727,2837345
789215,2837509
790030,2838112
791163,2838196
791871,2837993
792214,2837629
792196,2837042
791962,2836419
788319,2831618
787926,2831301
787439,2831106
786856,2831126
786511,2831521
786337,2832599
787022,2838239
788624,2846023
788867,2846807
791264,2863081
791724,2872733
792011,2875459
792328,2878154
792645,2880848
793026,2883452
793847,2887176
795172,2891899
795520,2893049
796448,2895940
800595,2907574
802186,2911311
807196,2923049
816986,2943054
819553,2940225
820016,2940078
830637,2938589
831340,2938694
831795,2939010
831754,2939627
831116,2942922
830742,2943286
829328,2943417
827273,2943104
826020,2942774
824954,2942262
824338,2942406
821711,2945173
820992,2945995
820767,2946547
820664,2947225
820655,2949604
821428,2952922
831481,2963652
847057,2984961
850248,2989426
862037,3004546
863003,3005641
863243,3006108
863905,3006982
867296,3010520
871517,3014008
872794,3015045
876353,3017657
877604,3018505
884729,3025183
886399,3026626
892360,3031429
900186,3036781
916314,3042116
917540,3042471
920789,3043161
926312,3043911
928825,3042001
928680,3041382
928720,3040611
929194,3039538
929852,3038653
930630,3037892
932054,3037015
934216,3036149
939056,3034915
954347,3030483
972517,3018531
977625,3014988
978240,3014872
980954,3013795
984685,3012207
985029,3011749
992289,2999849
992702,2998715
994042,2989241
994092,2987701
993796,2984247
997926,2957246
998087,2956632
999976,2952496
1002133,2949165
1003662,2946842
1004628,2945499
1021317,2933073
1022735,2932197
1024214,2931414
1026338,2930453
1029900,2929480
1052101,2922903
1068438,2917298
1073564,2915631
1075895,2914918
1085523,2912590
1086228,2912536
1089133,2912444
1108805,2914007
1113787,2914777
1121778,2915884
1125129,2917178
1126710,2917931
1128077,2918867
1130771,2921631
1134687,2924652
1137782,2926926
1138485,2927025
1138948,2926752
1139106,2926138
1138989,2925522
1138686,2925058
1137565,2923879
1125894,2913985
1114848,2910720
1114149,2910916
1112111,2911136
1111689,2911168
1103386,2910715
1102654,2910523
1101613,2910161
1100005,2909443
1098330,2908336
1090484,2906149
1087035,2902665
1083087,2897451
1080446,2893236
1079738,2890920
1079537,2889625
1083282,2877015
1083844,2876037
1087890,2869279
1093850,2860481
1104876,2845891
1107106,2842961
1109887,2839606
1111739,2837595
1114363,2834762
1117765,2830490
1119074,2827796
1118567,2826776
1117135,2823683
1116689,2822601
1116328,2816474
1116368,2815551
1116952,2812327
1117202,2811899
1119901,2807528
1120950,2806401
1125166,2802446
1126307,2801381
1126736,2801047
1132713,2797727
1133846,2797216
1134486,2797161
1144736,2798651
1152674,2800054
1168651,2803427
1174384,2804354
1174962,2804237
1175119,2803746
1174824,2802729
1174432,2802387
1173626,2801180
1173354,2801030
1172969,2801063
1172618,2801595
1172395,2801814
1172028,2801958
1171682,2801955
1165085,2799918
1164978,2799621
1165294,2799108
1165496,2798888
1165918,2798782
1166321,2798749
1171818,2799188
1172457,2799305
1173039,2799513
1173584,2799777
1174658,2800359
1176303,2800928
1176604,2801269
1176691,2801700
1176257,2802588
1176464,2803205
1176949,2803394
1178564,2803379
1180578,2803120
1181981,2802795
1184425,2801925
1184763,2801559
1184951,2801069
1185560,2790957
1185570,2789788
1185405,2787911
1184509,2769605
1183895,2747518
1183597,2743763
1183427,2742501
1184084,2740508
1184246,2739433
1184257,2738265
1184289,2734944
1184155,2733066
1183660,2730970
1183591,2728571
1184916,2723633
1185023,2721911
1185219,2714286
1185236,2712533
1185228,2707151
1185063,2705274
1183228,2685388
1183144,2684741
1182937,2684124
1182062,2683623
1177961,2675154
1177693,2674598
1174464,2661431
1174416,2660200
1175853,2650403
1176144,2648776
1177991,2640368
1178557,2638314
1178178,2637018
1178274,2636465
1178521,2636037
1179069,2635766
1179954,2635130
1180478,2634243
1180672,2633169
1180570,2631713
1180541,2631291
1180553,2630092
1180710,2629602
1181782,2628475
1181890,2626754
1183170,2623261
1185140,2618402
1186592,2614562
1186738,2612746
1187288,2609003
1187661,2608022
1188056,2607389
1189016,2605853
1194739,2596809
1195294,2595954
1197015,2593388
1200330,2588840
1206065,2580995
1213642,2570063
1217416,2564565
1217692,2564137
1220062,2559610
1227554,2537759
1230552,2527549
1231115,2525495
1231493,2520733
1231474,2516520
1231717,2507021
1231909,2505916
1233628,2496617
1233909,2495574
1236527,2486560
1237887,2483191
1238809,2481355
1241563,2464502
1241566,2464256
1241369,2462747
1240094,2457600
1239872,2456993
1237775,2454718
1232136,2449895
1228901,2448232
1227312,2447878
1216737,2445921
1216352,2445548
1215698,2444649
1213066,2440499
1210316,2436133
1209360,2432770
1209367,2432155
1213746,2425192
1214111,2424796
1220638,2421792
1229932,2435851
1231085,2437892
1234380,2445275
1237280,2452960
1237703,2452841
1237978,2452414
1238020,2451215
1237937,2450568
1237702,2449951
1234641,2443187
1232989,2440003
1229049,2428216
1228530,2426089
1228490,2424243
1228591,2423107
1229197,2419823
1229383,2419333
1230818,2417195
1231315,2415693
1231244,2413817
1231024,2411847
1230556,2410612
1228917,2406443
1228419,2405269
1224168,2395506
1220903,2386614
1219727,2378943
1218374,2368379
1219101,2362452
1219645,2362181
1220195,2361296
1223340,2353550
1223741,2352540
1224118,2350976
1226252,2329103
1224842,2323952
1221911,2315922
1221558,2315457
1220786,2314740
1217203,2306395
1215042,2296896
1211240,2275012
1211158,2274334
1211180,2272520
1211892,2268069
1212084,2266964
1216023,2245574
1216698,2244137
1218260,2240834
1221038,2235824
1229028,2221188
1231416,2213466
1231969,2211996
1234697,2205693
1235245,2204746
1236788,2202642
1238990,2200330
1240555,2198842
1241761,2197748
1243023,2196717
1246294,2194448
1249293,2192637
1266452,2183291
1267079,2183083
1280462,2180882
1284594,2181231
1285129,2181328
1285634,2181517
1290140,2183221
1290523,2183593
1293228,2187124
1293550,2187588
1294097,2189653
1294300,2193436
1294253,2195249
1295366,2197412
1302006,2184007
1302460,2183089
1303262,2179868
1303131,2177960
1302430,2173189
1301829,2170601
1301160,2168720
1301312,2168322
1302782,2167136
1304011,2169145
1304457,2172500
1304858,2177545
1303805,2183008
1303310,2185156
1303454,2185741
1304069,2186730
1313883,2194561
1314832,2195030
1315397,2195127
1315964,2194978
1316234,2194550
1316329,2193998
1316014,2192550
1315750,2192025
1315398,2191562
1314629,2190848
1314132,2189676
1313989,2188937
1313994,2188353
1314360,2187342
1317336,2183678
1318057,2182915
1318896,2182184
1325481,2177073
1330387,2173577
1331924,2162953
1340889,2136033
1341342,2135083
1342986,2133589
1348145,2130184
1349784,2129366
1350437,2129124
1351834,2128888
1358725,2127829
1360611,2129746
1367426,2131265
1375728,2132668
1383883,2133513
1384447,2133608
1390905,2135578
1392326,2136262
1396993,2134625
1415181,2127976
1419726,2126150
1420914,2125663
1430780,2120781
1440134,2115924
1442777,2114518
1453763,2106372
1458563,2092924
1460355,2084906
1460684,2083248
1461227,2077380
1461203,2074891
1460822,2073538
1460991,2074521
1461196,2075935
1461163,2077134
1460953,2078854
1460478,2079806
1460004,2080112
1451136,2075790
1450693,2075482
1448863,2073480
1448539,2073018
1448217,2071573
1448072,2070220
1448194,2069053
1452862,2058739
1453517,2057296
1455117,2055211
1460066,2049659
1460569,2049107
1472377,2037911
1475984,2035212
1479205,2032942
1480210,2032328
1487242,2028094
1504510,2019126
1507607,2017989
1515839,2015158
1529223,2006387
1544544,1999907
1545074,1999660
1545634,1999383
1551080,1996020
1552962,1994694
1564386,1981171
1569051,1975408
1582874,1956886
1588694,1948748
1588986,1948285
1589747,1947544
1590918,1946586
1609753,1933924
1621538,1928412
1631497,1924045
1641193,1920042
1641749,1919762
1642218,1919451
1644957,1916818
1646094,1915641
1646384,1915209
1647853,1911325
1663888,1893154
1670383,1885991
1685511,1867434
1697840,1850212
1699775,1847701
1700645,1846984
1702393,1846227
1702859,1845915
1704451,1844360
1707158,1840425
1708339,1838659
1713109,1831039
1715259,1827386
1713590,1827036
1712948,1827259
1712543,1827632
1711858,1829086
1711569,1829519
1711017,1829772
1710488,1829593
1708619,1827215
1708554,1826539
1708576,1825924
1708776,1825430
1709514,1824148
1713308,1825409
1713978,1825340
1715789,1825135
1716657,1824417
1720219,1819085
1725573,1812408
1748349,1791752
1754362,1786396
1756870,1784220
1765618,1777836
1767022,1776855
1768158,1776093
1772260,1773806
1769774,1773208
1769020,1772599
1768019,1771207
1768639,1770702
1770802,1768601
1771712,1769167
1772169,1770398
1772440,1770947
1772824,1771342
1773324,1771549
1775551,1770469
1777488,1769301
1777951,1768987
1780366,1764949
1780561,1764454
1780519,1763198
1779759,1762176
1777980,1761169
1776792,1762966
1773633,1763925
1769940,1766008
1767396,1766211
1764160,1764687
1763235,1765817
1761974,1770675
1757785,1773879
1757401,1777236
1755333,1780698
1753861,1782083
1751230,1781831
1750531,1780546
1750540,1777332
1751786,1775866
1752681,1770559
1755436,1768090
1758839,1761639
1762437,1755184
1771573,1749271
1774278,1745193
1782737,1738656
1785209,1736807
1793151,1739184
1797514,1744124
1795930,1747910
1796154,1753475
1795002,1755583
1791915,1756330
1788759,1756798
1785809,1757820
1783584,1758830
1781753,1759833
1782690,1760724
1784747,1761526
1784046,1763069
1784866,1763740
1787828,1763139
1788583,1762973
1803916,1755950
1815099,1752217
1828656,1747756
1834596,1745952
1837292,1745163
1844024,1743741
1858554,1739020
1869569,1734821
1871270,1734016
1879260,1729042
1879602,1728727
1878998,1727693
1878170,1727033
1872835,1723973
1867348,1721995
1862110,1716375
1871907,1717821
1874167,1721030
1880979,1726387
1881535,1726498
1885202,1726388
1885778,1726098
1886148,1725720
1886370,1725223
1892165,1708245
1892298,1707687
1891945,1704922
1892254,1704484
1892653,1704106
1897275,1701414
1897821,1701124
1898397,1700864
1903815,1698706
1906263,1697756
1908227,1697124
1909349,1696605
1915387,1692171
1920727,1686102
1924553,1680955
1924774,1680456
1925196,1678751
1925238,1678134
1925087,1675487
1924811,1674908
1924205,1675047
1921509,1678872
1918161,1682159
1917040,1682679
1916489,1682723
1916244,1682174
1915848,1680243
1915862,1679626
1916377,1674467
1916611,1673322
1917022,1672326
1919582,1668905
1922861,1665311
1924508,1663821
1925449,1663182
1930966,1659776
1944727,1649807
1947231,1647848
1943190,1647627
1938324,1645688
1937937,1645297
1932987,1638829
1939012,1636392
1940283,1636236
1940679,1635824
1940822,1634649
1940524,1633178
1939837,1631315
1938762,1629062
1933127,1617249
1932410,1616405
1931940,1616109
1931554,1615718
1930835,1614843
1926320,1601274
1926157,1600538
1925274,1595414
1925832,1591301
1926063,1590154
1927007,1587572
1929861,1581764
1930751,1580416
1938667,1569602
1942471,1565060
1943624,1563888
1946742,1560782
1948767,1558907
1949615,1558206
1953742,1555162
1954223,1554809
1962619,1550749
1964328,1549929
1976090,1548601
1988056,1543587
1989940,1542882
1991669,1542569
1995878,1541806
2011494,1538388
2012720,1537917
2024093,1531872
2027449,1529509
2031503,1525671
2040638,1516907
2041777,1515664
2042683,1514337
2043715,1512449
2048060,1503068
2052519,1495440
2052996,1495115
2055327,1493428
2056584,1492333
2060815,1487396
2061115,1486954
2061634,1485360
2061792,1484181
2061651,1483445
2060842,1481744
2058096,1478105
2057183,1477489
2056684,1477290
2055576,1477039
2053737,1476869
2050651,1476638
2044836,1475607
2043291,1474981
2042848,1474687
2041354,1473041
2038584,1469400
2037615,1467983
2037196,1466669
2032599,1451545
2032933,1451256
2034994,1451062
2035516,1451259
2036235,1452130
2036881,1455041
2036985,1456395
2037208,1457839
2039403,1464833
2039930,1465958
2041790,1469012
2042786,1470429
2043949,1471592
2046185,1473089
2046711,1473318
2051577,1474290
2058414,1475715
2060952,1476767
2062748,1477939
2063523,1478714
2064108,1479774
2064335,1480414
2064532,1481087
2066411,1487752
2066430,1489080
2066182,1490201
2065489,1491739
2064585,1493069
2063894,1493896
2062337,1495434
2059629,1499453
2059205,1500487
2059080,1501047
2058949,1502225
2059002,1502903
2060420,1510450
2060615,1511092
2061229,1512151
2062640,1513738
2064001,1515543
2066174,1519049
2066368,1521142
2066472,1527501
2066401,1528770
2066277,1529330
2065703,1530277
2064141,1531814
2063929,1532347
2063893,1532965
2064175,1534438
2065973,1539594
2066251,1540140
2066769,1540833
2072184,1546943
2072874,1546887
2076249,1545903
2076817,1545635
2077296,1545309
2077599,1544866
2077724,1544306
2077669,1543628
2075752,1532793
2075468,1531320
2075243,1530649
2073617,1527186
2072012,1522640
2071620,1521326
2071535,1520106
2071607,1519380
2071998,1518996
2072599,1518882
2075180,1520859
2075568,1521246
2075765,1521888
2076273,1524805
2077173,1530580
2077434,1534617
2077019,1537566
2076949,1538804
2077091,1539571
2077317,1540212
2077623,1540695
2087168,1542544
2087770,1542430
2091973,1539650
2092665,1538821
2093611,1536253
2094494,1533594
2094564,1532356
2094510,1531678
2094229,1531101
2093476,1520098
2093368,1508669
2093402,1508050
2095662,1501415
2096546,1501876
2097215,1502839
2097610,1504122
2099873,1514451
2099941,1534010
2099413,1540766
2099112,1541210
2098597,1541384
2097959,1541345
2097392,1541614
2097001,1541999
2096574,1543004
2096054,1544568
2095933,1545159
2095987,1545837
2097250,1548756
2097639,1549144
2099079,1548936
2101800,1548401
2105188,1544476
2107932,1539088
2108145,1538585
2110252,1527132
2110354,1525243
2110249,1523238
2110105,1522501
2109656,1521282
2108485,1520121
2108041,1519829
2107404,1519791
2106839,1520060
2105102,1521485
2104535,1521754
2103761,1521876
2103316,1521584
2103117,1520942
2102543,1516390
2102671,1515211
2103812,1509513
2104413,1508593
2105190,1507822
2105791,1506934
2106860,1502474
2105915,1496786
2108707,1491276
2108740,1490656
2108457,1488534
2107925,1487411
2107104,1484785
2107226,1484224
2109700,1477452
2111684,1472954
2112365,1472742
2112972,1472780
2113498,1473007
2113888,1473394
2114139,1473940
2114040,1475829
2113831,1476332
2113530,1476777
2111590,1478707
2111291,1479152
2110328,1481755
2109718,1484591
2111264,1490011
2112232,1493362
2108742,1498940
2109085,1500348
2109619,1501471
2110009,1501858
2110509,1502086
2114574,1502826
2115175,1502710
2115651,1502382
2119360,1493211
2119394,1492591
2119339,1491913
2117663,1488145
2121838,1490013
2123358,1494241
2121516,1496596
2119225,1499037
2118334,1502668
2116910,1512543
2116041,1528920
2116385,1531102
2119191,1543235
2119581,1543622
2120028,1543914
2122000,1544858
2122554,1544960
2126034,1544455
2127258,1543975
2133719,1536148
2134321,1535258
2141099,1534866
2149675,1538141
2150259,1538272
2151004,1538119
2155392,1537199
2156049,1536987
2157126,1536417
2157993,1535701
2158593,1534810
2158835,1533656
2158578,1532336
2158178,1531023
2150238,1509261
2149984,1508684
2148689,1504530
2153069,1502278
2153962,1501561
2154472,1500612
2154593,1500050
2154491,1494796
2154320,1492761
2154172,1491994
2153973,1491352
2153436,1490199
2152708,1489332
2152117,1488305
2151487,1486320
2151225,1484846
2151024,1482782
2151439,1478898
2151595,1478490
2152087,1478531
2152586,1478758
2153421,1479434
2153622,1480107
2153673,1480732
2153908,1480745
2156015,1478708
2157088,1477487
2156976,1476904
2154548,1472408
2154189,1471907
2153317,1471336
2152140,1470146
2148672,1465650
2148028,1464687
2147155,1463084
2145495,1457802
2144596,1450075
2144546,1449412
2144664,1448830
2136790,1397882
2135926,1397114
2129282,1387619
2129056,1386979
2128999,1386301
2128945,1383644
2129144,1374048
2129263,1373486
2129796,1372536
2130653,1371820
2131627,1371160
2132189,1370889
2133781,1369337
2140422,1361414
2140717,1360968
2140747,1360348
2140601,1359581
2140212,1359195
2139632,1359004
2125595,1356229
2124280,1356254
2123633,1356466
2123221,1356855
2123103,1357447
2122893,1357951
2122509,1358338
2121833,1358552
2121202,1358516
2114530,1356783
2114007,1356588
2113567,1356297
2113180,1355911
2112899,1355335
2112168,1353541
2111941,1352870
2111922,1349624
2112129,1349090
2114580,1344877
2118957,1333500
2119520,1331312
2119612,1329422
2119466,1328655
2119213,1328078
2118827,1327692
2118197,1327657
2117787,1328076
2117430,1329761
2116518,1331098
2116134,1331485
2115634,1331815
2115093,1331869
2097825,1317526
2097440,1317139
2095717,1313284
2095238,1312067
2096049,1299313
2097822,1290215
2098058,1289088
2098264,1288552
2098556,1288106
2099349,1287329
2100789,1287113
2101417,1287149
2106747,1284847
2111286,1281990
2111667,1281602
2113417,1268587
2113109,1268097
2112592,1267825
2109897,1266039
2107699,1264431
2107315,1264046
2107033,1263470
2106976,1262792
2107721,1259293
2107022,1257163
2106822,1256491
2106854,1255871
2107587,1253769
2108025,1252760
2108405,1252342
2109164,1252217
2109790,1252221
2110414,1252005
2111380,1251671
2111949,1249322
2111928,1248825
2111652,1248073
2110692,1245811
2109649,1243692
2108425,1241580
2106763,1239177
2105820,1238460
2103399,1237374
2103157,1238342
2102864,1238788
2102165,1239652
2101288,1240370
2088244,1238753
2086530,1238392
2085438,1238066
2081774,1235984
2071570,1228497
2063148,1224510
2058849,1223106
2057138,1222741
2047753,1219155
2046746,1218731
2045543,1217573
2045213,1217092
2037786,1200329
2037643,1199562
2037675,1198943
2046518,1184110
2048877,1181761
2049256,1181375
2049868,1180455
2049784,1179779
2048979,1176505
2048648,1176024
2047446,1174836
2047012,1174544
2046222,1173772
2045945,1173196
2046185,1172847
2046678,1172518
2051756,1169469
2053232,1168805
2054106,1168761
2054501,1168850
2055374,1169482
2058565,1172412
2059452,1174137
2060428,1175982
2063390,1177407
2066123,1178037
2066744,1178073
2067151,1177685
2072274,1169994
2072479,1169491
2076121,1160313
2078126,1155066
2078359,1153913
2077929,1147100
2077843,1146423
2077646,1145752
2076895,1143960
2076497,1142554
2076642,1141961
2077107,1141632
2077686,1141360
2079509,1140603
2080175,1140389
2093719,1140082
2096390,1140027
2102298,1140013
2120991,1141337
2125516,1142398
2126295,1142239
2126758,1141908
2127076,1141460
2132345,1129426
2132600,1128270
2132628,1127649
2132479,1126883
2132148,1126403
2131115,1125988
2129766,1126019
2126055,1126687
2124841,1126557
2124272,1126429
2119577,1124634
2118651,1124027
2118267,1123642
2115552,1120797
2115220,1120317
2113053,1116550
2112913,1115937
2113922,1114654
2114527,1113729
2114727,1113225
2114749,1110625
2114456,1109123
2113949,1107878
2113567,1107493
2110288,1104549
2106919,1103898
2102256,1106954
2101564,1107790
2095463,1107567
2085808,1106292
2075398,1097747
2074687,1096850
2074185,1095635
2074126,1094927
2074155,1094307
2074503,1092592
2074588,1090672
2074531,1089994
2073977,1088843
2056540,1074502
2055241,1073537
2054217,1073116
2053520,1073176
2051505,1073817
2050466,1074417
2048998,1075435
2046316,1076906
2045164,1077448
2044416,1077602
2043772,1077597
2043312,1077277
2042577,1076411
2039352,1071445
2037484,1062654
2042894,1042162
2045024,1036387
2045312,1035942
2055298,1030699
2060059,1028609
2061208,1028065
2062095,1027347
2062384,1026901
2062439,1025632
2062296,1024866
2062020,1024290
2061600,1022979
2061514,1022271
2061656,1021060
2061885,1020555
2062773,1019187
2065720,1015844
2073293,1011955
2076857,1011920
2078193,1011891
2078479,1011445
2078505,1010795
2078378,1009712
2077135,1006311
2075087,1001658
2074892,1001301
2074083,1000641
2073751,1000371
2072730,999953
2069916,999274
2063087,997690
2062394,997751
2062193,998254
2062167,998905
2061714,1001274
2061485,1001779
2060827,1001993
2060422,1001609
2059137,999593
2058824,998393
2058770,998188
2062337,987583
2064725,982500
2065012,982055
2065496,981724
2066006,981918
2066413,982333
2066635,982972
2066726,985009
2066671,986278
2066728,986956
2067047,988488
2067545,989702
2067873,990183
2068280,990566
2082674,999506
2086062,998733
2093710,1004011
2095188,1007097
2096474,1013572
2099861,1017841
2112300,1023203
2128698,1022972
2131149,1019259
2130537,1017688
2123723,1012196
2122262,1011210
2119209,1010138
2117415,1009526
2116630,1007967
2116703,1005999
2117009,1005089
2118100,1002349
2119384,999954
2121002,1000575
2132552,1005789
2133283,1006281
2135367,1015620
2139067,1028791
2140061,1030874
2141184,1032058
2152955,1040642
2159904,1044869
2162245,1045620
2178547,1046055
2182897,1044715
2188032,1038497
2187135,1035158
2185584,1032753
2184818,1031728
2184074,1031060
2183465,1029669
2183217,1028433
2187030,1020869
2189816,1020157
2190728,1020636
2192028,1024843
2195017,1027692
2195455,1028009
2196098,1028037
2196794,1027969
2199004,1027447
2200729,1027819
2201245,1028039
2201911,1028995
2205640,1035333
2211320,1045037
2213796,1055281
2212129,1058912
2211003,1061421
2210131,1063483
2210088,1064756
2210241,1065523
2214793,1079134
2216590,1083315
2216949,1084752
2217050,1088715
2216884,1091885
2216380,1098733
2214623,1107444
2214315,1109072
2213642,1114765
2213640,1115462
2213765,1115868
2213846,1116133
2215767,1122075
2216307,1123224
2217109,1124018
2218249,1124268
2218899,1124295
2219651,1124131
2220807,1123604
2221297,1123268
2222442,1122029
2222931,1121693
2223509,1121414
2224260,1121250
2229294,1122621
2236895,1126054
2250345,1130587
2272418,1135988
2275407,1136407
2278035,1136443
2279857,1135687
2280631,1134897
2281120,1134559
2286475,1132884
2287749,1132934
2293372,1133413
2318167,1133959
2319574,1133844
2321786,1133492
2331244,1131797
2331907,1131570
2334795,1130212
2338552,1128767
2341704,1127608
2342399,1127409
2345367,1126913
2352072,1126594
2360115,1124802
2360729,1124670
2361877,1124939
2366346,1127111
2382777,1130748
2384007,1130917
2384630,1130939
2405798,1128794
2406019,1128281
2406329,1127825
2407100,1127057
2410933,1125927
2429464,1122860
2438344,1121686
2440379,1121607
2441007,1121657
2445823,1122381
2448077,1122971
2456225,1125859
2470890,1131616
2478802,1136540
2479392,1137620
2479561,1138388
2479569,1139698
2479618,1141567
2480315,1142952
2480755,1143545
2481039,1143786
2481382,1143936
2482272,1144059
2483238,1144052
2483972,1144343
2487422,1147214
2488005,1148202
2488258,1148964
2488492,1149793
2488989,1152375
2488935,1152858
2488760,1153186
2488199,1153649
2487082,1154352
2483588,1156448
2483073,1156704
2479852,1157820
2478695,1157430
2477972,1156654
2477801,1155927
2473476,1153549
2468315,1151388
2466454,1151208
2464421,1151819
2463741,1152678
2463521,1153192
2463480,1153819
2463794,1156666
2464420,1158680
2465084,1159631
2465484,1160040
2465751,1160614
2465942,1161286
2466018,1161967
2465896,1163878
2465581,1166301
2465005,1169866
2460771,1188901
2460509,1190073
2460010,1191105
2459700,1191563
2458898,1192335
2455670,1194739
2455360,1195197
2454915,1196225
2454818,1198133
2454914,1199530
2456014,1204754
2455962,1207345
2455518,1208373
2454699,1209769
2453897,1210572
2441756,1218933
2441084,1219134
2440533,1219015
2440050,1218611
2437154,1215875
2436081,1216477
2434904,1217646
2434591,1218103
2434368,1218616
2434443,1219296
2435828,1222102
2436043,1222773
2436254,1224223
2436211,1224849
2434309,1235412
2433803,1237688
2433087,1238545
2432412,1238745
2431833,1238627
2431332,1238411
2418652,1238957
2402844,1246446
2400272,1247325
2398073,1247837
2395417,1247849
2391475,1247847
2390816,1247827
2385948,1246233
2384110,1246036
2382640,1246252
2381321,1246644
2380245,1247271
2370529,1262516
2370302,1263027
2367681,1269779
2367616,1271057
2367818,1272506
2368344,1273657
2369296,1275185
2369558,1275760
2369691,1276529
2369672,1277152
2369515,1278343
2367108,1285920
2366506,1286826
2366099,1287224
2365541,1287475
2364778,1287645
2363486,1287566
2362119,1287679
2361623,1287989
2361218,1288386
2360703,1289349
2360565,1289917
2360586,1291253
2361423,1300062
2362057,1302046
2366946,1313477
2367210,1314052
2367525,1314531
2367921,1314911
2372472,1320549
2375822,1329119
2378158,1337500
2379903,1344176
2380395,1347133
2380899,1349311
2382392,1355566
2383026,1357550
2383554,1358701
2384533,1360167
2384878,1360644
2386040,1361819
2386887,1362515
2387892,1362953
2389216,1362937
2389805,1362684
2390213,1362286
2390461,1361152
2390440,1359816
2390228,1359144
2388693,1355627
2388481,1354956
2387290,1349957
2386745,1347097
2386766,1346474
2386862,1345192
2387110,1344058
2387945,1340710
2388354,1340312
2389121,1340173
2390390,1340252
2391390,1340659
2393668,1342202
2396497,1344769
2396842,1345246
2398935,1351342
2405575,1368800
2405894,1369310
2407060,1370484
2407458,1370865
2412448,1374764
2412901,1375079
2424063,1368606
2429312,1363549
2432611,1358703
2433068,1357678
2433222,1356485
2431160,1349764
2429932,1345793
2428336,1342343
2427935,1341932
2426954,1340499
2426740,1339827
2426607,1339088
2426580,1337751
2426628,1337125
2426872,1335989
2427906,1332748
2428783,1330700
2429524,1329221
2433544,1321430
2437070,1318589
2437657,1318303
2439657,1317676
2441190,1317391
2441877,1317347
2442375,1317035
2445233,1310994
2445368,1310424
2445424,1309263
2444612,1303619
2444178,1301341
2443429,1299521
2442007,1294877
2441226,1292124
2441091,1291385
2441287,1289535
2441680,1285865
2441814,1285295
2442041,1284782
2442805,1284638
2443358,1284758
2443756,1285137
2444105,1285644
2445091,1288041
2450512,1293669
2450961,1293951
2451645,1293906
2454446,1293287
2454944,1292973
2458771,1288326
2465130,1282743
2468256,1285919
2474905,1284038
