361383,612265
361258,611863
362704,609222
363074,608823
363597,608608
368923,610264
370103,610804
373663,610384
377327,610167
380853,611190
386860,613786
391281,611786
396074,610369
398814,610674
399337,610889
399276,611441
398725,614513
397895,615956
397803,616632
397988,617246
401100,619424
401592,619638
405041,619881
410798,619875
416802,619193
422158,618511
422610,615473
421108,615411
420645,615104
419906,614368
419812,613386
421102,610897
421360,610618
427658,609231
441909,607798
443602,607489
453050,605600
456711,603967
456341,603568
456340,602954
456616,602523
457692,601477
458245,601231
474006,600495
503163,601138
519659,598516
526625,601077
532483,603734
538396,603993
538826,603593
539071,603070
538947,602640
535146,598104
534374,597339
532183,595747
530578,594247
529991,593480
530511,592496
531127,592341
535162,592882
537045,594781
541596,602786
541351,603309
539908,604880
539478,605188
538831,605344
534120,605327
527004,604578
522137,604100
516748,603868
509761,605053
509300,605362
509394,605884
512262,607566
515159,608449
530629,612555
531984,612705
533494,612732
536851,612722
546435,614477
559773,617052
563940,617464
569487,618030
571306,618485
573496,619308
576549,620066
581234,620695
582682,620782
585732,620772
587827,620642
588474,620486
588935,620177
589670,618976
590128,617929
591358,608644
591861,602927
592181,597794
592024,597180
592022,596596
592329,596134
595617,594124
603529,593079
604884,592951
605871,593470
606273,593837
606552,594297
606929,596201
606843,597615
606385,598662
606016,599063
605002,599589
601719,603105
598840,607633
598666,610492
598945,610952
605688,617903
620115,619322
628572,614924
634881,612899
635497,612743
636393,613354
637075,614181
637602,615009
638069,616083
638352,617280
638354,617895
637831,618113
636597,617810
634626,618095
632348,618842
628533,620334
628165,620704
628289,621103
628780,622460
648144,622311
650265,620979
650809,618487
650834,617134
649157,614313
647201,611155
646983,610603
644728,602466
645834,594745
646450,594620
647189,594616
649297,584062
646703,569379
643019,565369
638299,563854
633868,564428
631654,565268
628701,565927
628023,565838
627468,565625
624967,564161
619016,555304
619742,538673
612597,523859
610506,510622
609812,506907
604224,495683
603700,495471
601638,494659
601723,493482
601721,492898
601495,490625
597205,473588
594420,462998
592480,455416
592539,454893
592928,452556
593140,452002
594056,450645
597138,446113
596861,439691
595107,432477
606676,412136
609139,406737
617136,404212
622607,383249
625229,364452
627882,346330
635358,330079
637033,328443
643003,317674
643952,308199
644100,307368
656638,298826
663179,287833
667556,283127
675525,279346
674624,273633
667243,229929
665928,222344
664935,216632
664690,215930
664310,214838
661741,215027
661067,214940
660695,214546
662664,211852
662874,211297
663053,210712
663108,210035
662909,207976
660706,200121
656740,189636
656339,189240
655448,188632
654374,188179
653762,188030
648558,187117
647794,187092
643978,183739
644662,177308
649426,169092
650121,168164
652031,166273
653336,165279
654665,148325
653984,139720
653668,138524
652620,137378
647919,144813
647315,145740
646164,146887
645616,147107
644335,147178
643262,146726
642341,146118
639942,143892
634459,137571
626905,127606
626439,126534
624814,121442
621554,113997
620998,112986
619764,111151
619026,110419
604180,98540
594832,91383
574462,89461
548176,85811
547414,85816
540201,87055
535636,87879
534419,88193
520944,92226
520001,92622
518850,93804
518394,94113
515022,96096
504326,102352
494747,99844
494139,100000
480127,108965
479672,109274
478821,109953
477474,116655
477477,117269
477089,119636
474183,125238
473884,125365
473114,124566
471799,123587
471341,123282
461389,119046
451655,115452
442046,112040
441437,112195
436778,113498
436200,113745
435988,114268
435989,114882
430838,114649
423058,110399
418997,106538
418843,105924
419208,105554
419817,105399
420609,105398
421828,105702
422650,105024
421908,100603
421724,99989
416995,96498
403881,87003
399414,74264
384983,48272
384617,47873
384069,47659
383400,47568
371598,46014
368891,46078
364634,47617
361259,48541
357670,49373
355419,49005
354233,48699
353290,48085
346993,43081
346628,42712
341305,34421
341244,33745
341382,33144
337019,30950
335711,30704
326439,31562
325223,31869
324676,32115
323794,32728
322274,33496
320662,34171
318807,34630
316588,34567
312657,34223
311541,34564
310446,35024
302201,39838
301227,41127
295651,49905
292969,54539
292511,55613
291932,56534
290621,58283
288641,60123
288032,60276
278904,60231
276593,59459
272854,57886
268173,55696
267206,55175
269114,40986
269092,36747
268947,33245
268802,30051
265604,18342
268048,12234
268263,10945
268204,10269
264493,1509
264183,1230
262264,0
244581,4406
243577,4926
243303,5386
243119,6000
242922,10945
243009,12389
243312,12850
243706,13220
245071,14145
245617,14362
246558,14978
246921,15348
247072,15963
246461,16883
244724,18936
243962,19702
243109,20375
242500,20527
241801,20617
230534,17512
224863,14053
223922,13435
223470,12390
223262,11068
223082,10484
222327,8945
221933,8575
221479,8266
220933,8049
219172,7521
219109,7512
218474,7427
218030,7632
217407,8437
215755,11472
215571,11932
214830,15001
213876,26794
214414,29130
215019,30054
215807,30825
217114,30891
217661,31108
219661,32927
219659,33542
217840,40846
217289,41674
216952,42021
210018,42385
186112,41859
185503,42010
184005,43539
183668,43999
183453,44551
181410,52376
181191,53696
181402,54219
183739,55735
184557,56414
185192,57308
185277,58752
185056,60810
184746,62037
183126,63474
182211,64115
180534,64722
178096,65326
177395,65415
176696,65350
176179,65102
175724,64823
175330,64422
174695,63528
173819,62142
173336,61095
172732,60170
172399,59708
171642,59029
170640,58501
165810,56481
164656,56107
159124,54758
149730,52743
141248,45752
141343,45076
141256,44400
140866,43414
139930,42026
129890,36836
110395,31181
109788,31054
109178,31204
108720,31508
102760,35648
101933,36319
99178,38851
96647,43966
96448,46331
96774,47532
96679,47995
95757,49369
92959,53407
89520,57625
89061,57929
88083,58475
81790,61228
76600,63003
75929,63090
73922,62799
73283,62640
72485,62075
69497,67992
68573,69368
67467,70497
65690,71806
64222,72655
63243,73201
61471,73741
59337,73909
58727,74058
58267,74362
57500,75124
53395,81763
53177,82315
51834,86424
52062,88486
52209,89071
55137,92875
57925,94987
57981,95664
58161,100092
58003,100706
57725,101165
57137,101425
56869,101527
56621,102079
52990,122249
53181,129260
53345,131844
54596,135942
57072,139588
61941,144643
62400,145713
63367,147012
66230,147985
67541,148179
72273,148181
74108,147702
82689,151694
82254,152767
78177,164481
77802,165708
77580,166998
77509,168442
77658,169058
77899,169582
78504,170508
78929,170879
80267,171780
91105,177258
97166,180184
97622,180495
98166,181481
98254,182158
97748,183205
89600,183519
80310,188716
79389,189324
78620,190088
77695,191465
76794,193611
76420,194746
75632,198490
73451,209665
73228,210954
73223,211723
73547,213692
74091,214679
74486,215050
75856,215950
77991,216855
78786,216860
80380,216163
82278,215776
91162,218073
91619,218383
95541,222064
96332,222837
103951,232745
104496,233732
104554,234408
104148,241320
104052,253182
104202,253766
105139,255892
106200,257864
107049,259313
107212,260042
105390,260534
101562,260851
97830,260646
97157,260581
95996,260205
95600,259834
95389,259280
95059,258080
94764,256111
94522,255587
92432,251949
91763,251115
88721,248178
88263,247868
73984,246214
49044,246052
48279,246047
46531,246589
42367,251264
41657,252089
41506,252529
42353,266666
42629,271157
42940,274940
48881,279683
56001,282311
60128,283505
60617,283631
61966,283486
65866,281789
68176,284661
73217,297140
73609,298279
73888,299676
65949,298326
62146,298022
62545,298889
62384,300241
61934,303589
61712,304878
59831,306803
59212,307722
54996,315627
54778,316179
54682,316854
54708,317623
54888,318208
55161,318671
56195,319938
59010,323168
57448,325693
47623,342910
47187,343983
47122,344659
47139,346780
47377,348073
47281,348748
46971,349208
44317,351897
43794,352109
43274,351890
42876,351673
36213,347696
24336,343776
23264,343554
21351,345140
15856,349907
19206,352823
19891,353659
21763,357134
22572,360153
22501,361597
22278,362887
22353,365563
23090,370333
24274,377197
28789,386726
31780,389664
35695,392148
35937,392672
35284,409638
33214,427549
33087,428163
31062,433101
29693,435983
27518,439998
26401,441898
25346,443583
20950,448907
19058,450535
18542,450361
18025,449781
17378,449931
17099,450391
16942,451005
16811,452357
16501,452816
15885,452966
14841,452684
14531,453143
13976,453355
13605,453752
13387,454274
13630,454798
13289,455257
12704,455285
12400,454822
11878,454603
11324,454692
11045,455121
11102,455829
11283,456414
11188,456936
10664,457179
10143,456960
9347,456218
9043,455755
8429,455597
8057,455995
7992,456671
8230,457964
8226,458702
8033,459992
7723,460451
7199,460694
6522,460782
4741,460249
4125,460430
3754,460797
3750,461411
4824,461848
5068,462219
4605,462524
4233,462921
4107,463535
3796,463995
2656,464357
1887,464383
659,464068
349,464527
283,465204
0,466428
6264,467884
6786,468102
7245,468413
14468,474481
25586,482876
48205,492462
51096,492415
53466,492181
59533,490459
67071,489726
78307,494050
80728,495904
85877,499891
86643,500632
90241,515275
91449,520934
91075,522070
90571,525018
91090,526003
93171,528562
93539,528932
93999,529241
99063,532519
99984,533106
101059,533571
101643,533696
102259,533545
102477,533023
102449,532255
105042,529991
115141,536112
122387,540532
126484,538979
127439,538736
128671,538433
129224,538650
129990,539421
130296,539852
130662,540990
130159,544091
129566,546516
129211,551584
129693,554751
132561,562348
133198,564005
136197,570870
134094,574027
131305,580102
129072,585471
129069,586208
130105,589775
130319,590298
132372,593530
132771,593900
133294,593963
133913,593043
134038,592460
134501,592154
135116,592279
135515,592680
135729,593202
136673,596738
136764,597414
136669,598090
136174,599072
122428,622625
121748,623452
121131,623604
120670,623326
115172,628102
112041,644192
111735,653470
112110,654702
114714,657289
115021,657720
115111,658396
115378,662084
116075,676987
116073,677755
115683,684974
115073,693790
115009,694466
114591,700886
114682,701562
114896,702085
115603,702916
115972,703286
118852,705380
121917,706005
124661,706289
125401,706291
128116,705960
129350,705655
130307,705136
131203,704523
133552,702317
134913,700662
135346,700356
143777,694416
154274,688236
155613,687530
161674,687300
163000,687211
168644,686056
169877,685751
172531,684589
173426,683977
185185,675492
185587,675094
185865,674665
186300,672853
186609,672393
186980,671995
188059,671567
191513,670468
196599,669402
200699,668918
204334,669047
206430,668897
209482,668135
219532,664680
221722,663087
223450,661032
224437,660511
226564,659593
243115,653566
253068,650599
258276,649131
260490,648640
264345,647602
278672,641381
279566,640768
279936,640400
280522,639479
280922,639111
281384,638804
282432,638344
292751,634390
298726,632183
300389,631600
303772,630734
308026,629823
345499,624026
351559,623263
354673,623318
356890,623256
361939,623009
395928,620564
397314,620409
397898,620255
398713,619817
395831,614300
393737,613381
393182,613166
390677,613598
387979,615922
384207,615274
380529,612499
373498,612099
372404,616495
368095,619169
368527,619445
368927,619844
368712,620366
368250,620673
367019,620950
360430,621198
358983,621137
358460,620892
354026,618498
353348,617669
353225,616318
353348,615857
355257,615488
359906,617710
364830,615086
365938,613213
365990,613003
366092,612598
365630,612292
365045,612445
363593,613060
