62841,515576
67569,526770
67843,527937
72157,534218
72820,535075
82096,547052
92592,559213
103556,571130
110348,570374
119053,568663
131468,565504
156997,560433
181729,553975
182777,554068
183915,554406
184962,555266
187326,558862
189061,562396
191124,566207
192678,568758
193546,569834
194593,570817
195879,571832
197135,572632
199317,574570
200392,576906
201347,579426
203572,596111
206443,617959
204221,628187
203981,629231
203705,634976
204708,644809
205214,645885
206181,646699
206553,647731
206879,649943
206487,653230
203976,657559
202871,658910
201499,658877
200426,659306
199411,660350
190041,673277
189534,674475
188818,676871
189085,678008
189739,679146
190185,680221
190750,682495
190210,689592
189135,693187
188748,694385
188092,695644
183506,700927
180410,703415
177970,704182
175440,705934
173268,707931
172257,709037
171394,710236
170146,714599
170504,720252
170624,721389
170981,722434
171486,723294
172378,723908
173359,724523
174489,725014
176511,726121
177492,726735
178383,727503
179127,728272
187950,737677
188632,738507
189048,739583
189255,740781
189135,742133
188749,743331
186994,746464
186756,747816
186990,753931
187198,755222
189776,761430
190370,762352
191111,763213
191852,763982
192742,764658
193870,765151
195917,765122
197223,764908
198737,765033
200102,765280
201377,765619
202504,766082
203393,766697
204224,767497
204816,768389
205170,769465
206795,774538
213811,782753
220203,788788
225262,793040
232710,800956
233449,801787
249413,820152
250210,820923
251921,822312
252896,822930
254019,823426
255231,823830
257421,823931
258724,823752
262279,822998
263640,823096
264614,823745
265291,824670
265552,825777
265393,835427
265209,836901
264731,838036
264106,838925
263334,839720
261495,840880
259657,841980
257642,843047
256723,843719
256040,844454
255562,845559
255471,846327
255732,847527
258768,857157
259594,857622
263376,857791
278769,858385
280696,858282
281971,856157
282450,855054
282513,854285
282652,850229
281466,845121
280015,839705
280750,828798
282173,822321
279655,810752
277300,807698
274323,804519
273881,804179
272787,803713
270390,802873
268912,802128
268026,801448
266703,799015
264504,793939
265216,793139
270779,788799
275447,785900
276281,785198
276970,783511
277356,777090
279454,766466
281005,758668
281544,757656
281903,757228
293299,747175
294252,746627
296156,746330
296839,746334
298204,746587
301616,747283
302802,747689
303156,748121
307980,751131
326110,745285
333064,740907
334437,740025
335197,739252
335216,739232
335757,738375
337414,735283
337751,733994
339391,717101
343001,675233
343083,673239
343228,672715
343554,668937
342160,663732
340729,658369
336988,644117
336554,642147
343961,624711
349402,611749
350103,609910
345470,609815
345288,597535
345227,589319
345220,585871
345230,584488
344721,583935
339256,578547
309649,541491
308072,539455
305409,532865
303900,528893
273240,494314
269537,488954
261380,476760
240246,458604
236630,456805
232827,455761
214129,455665
206357,443029
205397,441124
204226,438604
204077,438019
203868,436023
203870,433903
203872,432705
203147,405856
202398,402230
201590,396393
201381,393659
201233,391600
200788,383245
200643,376732
200344,374090
199685,369205
198121,362999
197760,361954
197309,360848
196646,359373
194929,356700
194176,355317
193362,353074
191585,347605
191073,345823
188904,335532
187067,325487
183350,317410
183113,316209
182751,314366
182873,311694
183115,309789
183568,307393
184234,305274
184899,303769
187440,299101
193250,289183
193855,288292
194460,287463
198790,281692
202757,276228
203060,275767
208728,265974
209183,265023
209638,264071
210154,262444
211279,258575
211735,256118
211799,253384
211592,249145
211502,248469
211050,246687
210839,246165
210629,244322
210690,243800
210933,243278
219352,243288
239765,243109
247095,242971
248072,242930
247838,235939
247329,233480
246877,232435
239808,222007
237268,219483
236451,218806
230544,216368
229878,216275
220168,201854
219865,201393
213958,195673
212625,194842
211655,194411
211200,194103
210534,193273
209777,191706
209626,191214
207481,182735
207329,182059
207390,181445
208001,177821
208214,177299
211131,174261
212499,172021
212864,170977
213627,167476
215071,153196
215076,149633
214626,143520
214417,141432
213961,140448
213658,140018
210503,136144
206557,131134
206103,128615
206038,128126
205558,126158
204444,114301
204445,112889
204843,109695
205301,107361
201250,74710
200977,73512
200217,71270
199762,70225
197815,66262
196903,64941
195412,63650
189265,55908
183480,48198
179185,41410
179033,40826
178149,39475
165045,27836
161813,25196
157420,21612
150621,14606
147235,12060
146777,11845
143911,12062
142722,12371
142174,12586
137757,16706
136996,18887
136784,20085
136786,21559
136939,22173
137305,22541
137916,23431
138130,24629
138071,25980
137921,27977
137315,32922
136555,34335
135825,35073
133651,36721
133478,36517
131527,34126
128354,31427
117219,23458
115663,22938
96246,23189
93017,24332
91284,26271
90828,26579
88574,27321
87172,27386
85892,27328
80769,26664
79793,26237
79487,25777
79241,25255
78962,23321
78196,21757
77001,19364
76695,18904
75930,18077
68079,12815
67193,12295
66583,12143
65821,12145
60639,13052
55613,14480
55156,14727
53815,14946
47467,13309
46887,13157
46490,12882
36766,5666
35545,4414
35039,3437
34496,2388
33147,734
32382,0
29092,1210
26749,2540
26081,3372
26095,3534
25994,4724
26468,9145
26720,10926
26998,12123
32304,27156
33184,27806
34147,28518
35447,28526
40660,28538
44711,27786
47536,24797
55433,25262
57883,28756
58439,31120
58565,32502
58476,33024
57381,33826
57049,34902
57174,35977
57635,37266
58953,39504
65984,46946
68181,48291
72271,61764
69153,68469
68322,75383
68448,76673
69486,77591
83543,87412
91466,91908
93751,93469
94271,94235
94456,95464
94277,96908
93308,99091
92798,101887
92592,104836
92626,106218
92993,107354
95195,112509
103875,124459
108364,129743
109985,131204
109615,132351
108980,133335
108343,134227
106857,135796
102941,137770
99332,140727
93393,147160
92848,148053
92517,149405
92642,150695
92311,151986
89098,154881
84460,157689
83459,158214
82215,158401
78933,157950
76654,157465
70889,159172
62675,163868
61586,164978
61013,166116
60682,167254
60656,168452
70919,187740
71712,188843
72838,190068
75393,192241
78380,197024
78112,198530
77211,201175
76156,203574
70546,212961
65509,220474
62280,224448
60521,224393
60192,225469
60106,226668
61327,237323
62195,242973
63436,242784
64648,242872
66772,243755
67835,244611
68933,246973
69149,248140
69772,262115
69983,278980
68234,289369
67906,290507
67096,292230
64750,295803
64179,296942
63761,298233
63359,303857
63424,304901
63671,306344
72651,324590
73531,325816
74744,327010
75864,327774
76923,328109
78071,328197
79218,328070
81511,327510
85220,325317
86607,324668
87696,324971
93228,326522
93503,327750
93566,328825
93389,330024
92516,331071
91528,332060
88988,332985
85857,335944
86347,338369
86079,339445
74431,349776
72954,350426
60026,355176
52546,356098
51485,355089
50428,354755
49129,354669
42249,354762
41076,355628
39213,357265
30364,373562
29948,374763
29862,375531
30476,383425
30813,384591
31420,385417
32539,386057
36103,387268
37100,387877
37678,388796
38045,389870
38171,391160
38085,391928
37495,394574
36603,396975
35499,399008
34697,401348
33632,405194
32973,411773
32875,416014
33092,417303
32086,426465
26101,443582
25536,444845
23422,448759
16479,459678
15463,460729
13634,461447
8025,463633
2462,463454
1232,463800
908,464939
0,468387
126,469462
1184,470162
3384,471131
8170,472268
10541,471700
11595,472092
16293,478486
16720,479713
23972,491869
33861,504504
42984,510110
43999,509059
52401,503026
53245,503575
53759,504556
55489,508696
56519,510688
57212,511515
58027,512279
58991,512989
