1107146,441548
1097294,372556
1092882,341310
1088185,308514
1086515,296938
1085309,289234
1079555,248700
1087332,248354
1100813,247905
1107613,247735
1124384,247150
1161473,245719
1242508,242439
1252635,241987
1258764,241617
1258033,241031
1250668,236477
1246992,234291
1208424,210460
1171915,188067
1153280,176576
1149585,174402
1105475,147263
1103624,146217
1066860,123623
1055786,116950
1033752,103394
1011659,89870
1006126,86577
961978,59542
960125,58511
917813,32623
910432,28227
866281,1241
864018,0
864625,35911
864890,50686
865744,98702
866319,128217
866476,135634
866548,142960
793161,144124
776422,144218
769749,144287
763076,144352
743114,144556
736442,144639
733076,144858
719683,144921
683036,144959
659712,145016
606337,144992
562913,144750
532888,144541
532705,174107
532645,181521
532532,185243
532323,222098
532264,229511
532152,233141
531947,270086
531889,277468
531776,281190
531548,321763
531407,329144
531184,366024
530962,388199
530735,426429
520640,429088
507054,434417
493244,441147
472189,443940
469507,445595
465460,448354
454281,455788
428097,472918
422759,479703
416919,487342
413845,496590
412077,502287
417541,523045
418917,528665
419081,530914
419133,531622
420010,550435
420569,563642
421188,576819
421482,582577
422818,608747
424996,650247
425420,659697
386285,658923
331144,657699
292015,656944
290124,656965
273119,656716
250268,656403
217225,655829
194342,655098
140668,653459
125050,652938
111995,652490
98651,651961
50938,650309
14674,649114
14515,649479
13732,653282
9409,672316
4390,685912
3104,689172
672,695046
55,696723
0,698174
1882,712538
2757,710461
5049,703684
8702,689354
9035,685162
8731,684769
8273,684577
9897,679290
15974,669752
16728,668977
17399,668879
17790,669264
18786,670538
19297,671609
20383,674339
43700,725497
48586,731291
50830,733686
53897,736695
54291,737080
54683,736692
55743,735462
55651,729682
55773,721099
56182,718519
56434,717971
56825,717584
59632,718761
60176,718996
64232,725313
67786,732814
71480,741492
75380,751997
77592,758214
84472,767855
85450,768226
85785,768669
89310,775079
89375,775760
86467,800364
83269,812890
84091,822979
83955,823592
73108,840261
72493,841199
67699,846765
67246,847213
65073,848718
62691,851230
58010,860189
57968,861484
57901,864478
57912,865065
58309,865448
60298,865574
60833,865344
62251,862209
62303,861500
61934,861149
61838,860466
61734,859166
62122,858005
63242,856867
69394,852555
69663,852378
70607,851945
77168,850701
77566,851084
77722,851706
77728,852447
74850,859273
71996,862518
70480,864137
67312,867063
66862,867388
60466,869470
59054,869641
58321,869648
53136,871396
54397,873197
57916,882313
67771,886961
69550,888221
69920,888572
76640,897084
77843,898973
79019,900861
81544,906618
82779,911168
85862,918292
86714,921249
87397,925961
89222,938823
89656,946119
93384,958572
95301,963564
95869,965309
96696,968326
97364,971476
98016,974720
98213,976083
97921,978081
97351,980533
97224,981918
97232,982659
98071,996846
98462,1000806
98803,1001248
98963,1001870
99382,1003763
99551,1005125
100010,1014117
98623,1031234
97826,1051762
97786,1053210
94804,1066089
94177,1068478
91773,1077454
91059,1079748
86715,1093578
86271,1094646
80828,1107335
78992,1111575
72359,1126300
71827,1127304
70619,1129154
69662,1130455
67690,1133086
63308,1140126
56093,1157090
55201,1159226
51378,1168413
48904,1175013
48466,1176853
48362,1182746
48480,1184972
48226,1187713
47739,1190262
47243,1192039
45057,1198956
43746,1202193
41901,1206434
41085,1207893
40278,1210125
40519,1233009
40571,1236966
42900,1233259
53641,1221045
54785,1220644
55727,1219990
56064,1219628
56594,1218778
58205,1214284
58592,1213152
59616,1208302
61031,1202167
61196,1201554
63726,1193844
63948,1193325
65780,1189392
66313,1188388
67446,1187215
68414,1186654
82964,1183457
85286,1183424
85907,1183563
86437,1183793
87222,1184523
87791,1185525
87867,1186051
87820,1186729
88044,1187259
91498,1190710
91905,1191091
92756,1191606
93141,1191678
99950,1190770
106599,1189054
108369,1188481
109768,1188453
111073,1188640
117379,1189904
125344,1191514
128956,1192278
130820,1192693
131503,1192771
132277,1192727
133679,1192575
143811,1189234
151024,1184590
158420,1182230
167616,1184407
179998,1184984
180683,1184906
196240,1179872
203012,1176962
203858,1176271
204748,1174872
205405,1173253
205475,1172730
205967,1171878
206361,1171485
207264,1170857
207892,1170685
208573,1170760
209723,1171122
210207,1172179
210305,1173007
210568,1174897
210733,1175517
210990,1176046
211460,1176332
215688,1177248
221272,1177143
231795,1176545
243694,1176831
244073,1177208
244407,1178415
244876,1178701
257931,1179061
259297,1179024
263521,1178544
264059,1178307
264452,1177914
268156,1176563
274635,1177721
275699,1177985
276577,1178677
288379,1188262
289609,1189298
308920,1209636
313885,1215373
313669,1215924
313599,1216600
314751,1223079
315513,1223829
330664,1235000
332162,1234221
341679,1229737
342726,1229259
343409,1229299
343880,1229613
344141,1230139
344133,1230754
344007,1231276
342821,1233198
342479,1234362
342468,1235131
343171,1235940
346255,1238842
346877,1239004
347563,1238890
348071,1238651
350264,1237018
355969,1234970
357427,1234866
363040,1235367
376053,1243615
376608,1244452
383738,1258066
391885,1285711
398378,1291438
407087,1302382
406932,1302995
406865,1303671
407337,1304906
408211,1306237
410965,1308078
411590,1308207
412336,1308184
412934,1308036
419423,1305978
421099,1305317
421844,1305324
422318,1305605
422672,1306070
422815,1306655
424354,1317522
424377,1318291
424897,1320110
425160,1320635
425454,1321099
426223,1321844
427858,1322473
430827,1324099
432605,1325344
433020,1325717
434408,1327358
434906,1328408
435019,1329116
435014,1329700
434580,1331541
434218,1331937
433768,1332271
433081,1332357
431830,1332070
431324,1331850
430013,1331654
429563,1331957
429260,1332447
429667,1333588
433893,1338421
440961,1344945
449017,1350751
451382,1351862
452754,1350258
453293,1350017
454757,1349905
457202,1350478
457767,1350697
472782,1360028
473583,1360771
473879,1361203
474144,1361728
476407,1367183
476582,1367768
476518,1368475
476241,1369702
476350,1371148
476761,1372288
477087,1372720
482402,1378072
494433,1385585
498593,1387982
506113,1387588
514083,1390365
515484,1391263
518206,1392338
518739,1392412
527223,1387633
528212,1387053
539305,1379727
542065,1377280
544901,1370440
546997,1361383
547060,1360708
546859,1358587
546328,1356772
545942,1356401
545405,1356184
544718,1356274
544179,1356517
543430,1357282
542832,1357464
542311,1357253
541963,1356783
541701,1356277
541603,1351375
543199,1340535
547222,1326632
551595,1313651
552951,1309723
553162,1309201
553551,1308803
555343,1307550
556121,1306754
556331,1306232
556369,1304020
556287,1301899
563727,1304229
564234,1303985
567814,1302153
568770,1301603
574950,1296274
578685,1291768
579640,1290756
583808,1291105
586932,1291696
587498,1291943
587973,1292221
588746,1292960
593320,1298346
593587,1298869
596437,1304283
600181,1309758
601846,1311912
605359,1314590
607175,1315853
611135,1318715
614084,1320869
633338,1335476
634203,1337657
635097,1339839
635694,1340822
641781,1348534
643373,1350508
644034,1349735
648911,1339530
657673,1328034
658120,1327726
660741,1324989
661426,1324128
662557,1321516
662854,1320286
663026,1313771
666692,1314414
668229,1314616
670149,1314716
674978,1314955
677213,1314829
679209,1314487
679805,1314302
689460,1313914
705791,1313442
707311,1313407
708534,1313680
709071,1313894
717069,1317064
727248,1320930
730589,1321377
733422,1321550
736404,1321538
759477,1320661
760848,1320470
762098,1320156
763615,1319349
764566,1318791
766377,1317521
767893,1316713
772441,1314383
776286,1314237
803075,1312649
803373,1312554
802601,1308779
799588,1295738
810699,1283731
813662,1285768
813409,1287675
811412,1299340
811346,1306410
822851,1306444
827328,1306451
837426,1306292
843179,1306303
847531,1306264
891648,1305514
899310,1305398
900256,1305448
948036,1304763
949945,1304799
954330,1304770
990749,1303964
1008051,1303508
1023387,1303164
1059858,1302371
1098586,1301782
1123559,1301423
1135092,1301269
1136298,1301335
1173848,1300306
1214253,1299885
1223791,1299763
1223897,1297851
1224797,1292087
1230692,1255571
1233853,1236377
1235107,1228687
1238546,1207166
1209454,1187982
1205886,1161320
1196987,1094716
1189835,1041495
1185119,1005924
1182347,985018
1177726,950867
1175586,935684
1171482,905316
1169228,888256
1166915,871198
1161769,833304
1159427,816280
1155088,784998
1148640,739619
1145692,718851
1141746,690956
1138395,666438
1135593,645667
1132735,624930
1128233,592921
1125867,575964
1116182,506357
1113389,485683
1112583,480063
1111250,470789
