123645,461050
130775,459726
136975,460523
137635,460733
138114,461061
140026,463019
144039,467807
144188,468028
145051,469730
145269,470233
145346,470823
145255,471159
142121,476580
139302,479197
138781,479424
138131,479400
137759,479324
137177,479055
135844,478324
135249,478424
128136,484210
127783,484660
127374,485510
127267,486216
127294,486528
127451,487060
128224,488512
128433,488706
131585,491025
134161,492423
138988,494492
143746,499614
144920,501111
150861,509607
151122,510080
151734,511307
152124,512650
152110,515339
151861,516815
152122,517288
153492,519622
155321,521942
156970,523141
157244,523274
161637,524533
162349,524649
162667,524628
163171,524428
167704,520029
168968,516831
169273,516246
169919,515277
171998,513518
172444,513191
176729,511219
177047,511198
180971,511284
183349,512001
181551,501595
179140,498124
174518,490783
174398,490191
174446,489914
174594,489610
175910,487240
176113,487030
176708,486954
177575,486996
179728,487632
187916,490589
192157,492252
198023,496055
198480,496715
199748,498170
203710,501052
210345,505756
214220,506867
227531,507681
228501,507701
230154,507240
230798,506727
232745,504325
232908,504081
232967,503093
232907,502135
232933,501795
233077,501520
233634,501377
234970,501804
235205,501963
237080,504284
237642,511308
237657,511617
237694,513873
237668,514212
237562,514550
232968,517306
232449,517511
229599,518135
228290,518108
227558,518001
226942,518020
226422,518225
225911,518925
225767,519201
225699,519569
225907,520068
226350,520757
229874,525246
242417,538519
242949,538806
244608,539637
245716,540119
246074,540157
247925,540218
248564,540167
249325,539870
254855,536467
258060,531530
260968,533559
273474,542648
279190,544811
293487,546767
293767,546708
294065,546864
295454,547677
295612,547895
295728,548452
295524,558735
299409,567349
310388,573621
312047,574462
312166,574709
314136,583304
314720,587846
315030,590781
314955,591938
323441,595933
323414,598744
323582,604426
323642,604704
323742,604951
324104,605385
325212,605634
327993,605917
336983,605028
337568,604966
339139,603915
340065,603019
339863,601598
340446,600054
343116,593412
343416,592886
344882,591216
345283,590815
345725,590505
358096,582656
360103,582740
363400,585596
364456,589884
367377,598145
367682,598606
373477,604160
377253,605151
381456,603945
382382,603875
382746,603934
383029,604086
383132,604332
384138,608740
385795,618052
385818,618360
385760,618670
385621,618949
385421,619136
383741,621189
381980,623396
381430,625316
381453,625625
381823,626363
382395,626944
383167,627402
383532,627460
386795,627956
387341,627920
388884,627329
391758,624295
392138,623921
392379,623764
393833,623501
396628,623904
397338,624081
398132,624505
398669,625397
400001,626955
401371,628112
403207,629326
403960,629594
404466,629588
404726,629337
405041,628624
405186,627263
405303,625315
405962,621416
408796,613998
413339,611125
422062,606208
424423,605089
441994,604500
452027,605038
457370,611380
464604,615077
465008,615068
467861,614382
469640,613598
469897,613344
473495,607787
474365,602296
474517,601921
475602,600966
476258,600610
490858,596539
491303,596588
499787,599351
502415,600959
502763,601103
504097,601217
504559,601172
504917,601006
507060,599889
509411,598980
514662,598039
515569,598040
531663,603270
540468,607740
540720,607978
545238,614672
545450,615468
545830,618020
545827,620061
545885,620522
545982,620920
546331,621587
546895,622029
547616,622342
560782,627728
568066,629219
569460,629068
570320,629248
583564,634023
584268,634331
585439,635052
585755,634419
586558,633733
587380,633511
588070,633595
588300,633623
598729,638026
607280,642349
607633,642486
608555,642596
609020,642541
609806,642425
608367,639604
608009,638538
607769,637776
607785,637267
607818,636288
608639,633555
608741,633149
608601,632784
606812,631108
601121,626403
596033,625252
595851,625261
595628,625271
595372,625005
595330,624542
595370,624107
595638,623321
597020,619110
598780,613086
599106,611863
599055,610380
597057,600296
596957,599898
596798,599534
596328,598785
596252,598663
593456,593319
590321,585793
590218,584870
590378,583995
591525,580538
591834,579843
592189,579314
594295,576168
598451,568109
620663,535782
623026,532530
628213,525530
628829,524753
633583,518824
634982,517135
636160,515769
636219,515704
638616,513090
646564,504703
649569,502078
651522,500507
653016,498932
658755,492419
659154,491806
659176,491729
659268,491397
659326,490880
659647,488035
659679,487746
659887,486928
660305,486314
660566,486050
660874,485854
661481,485467
662043,485193
663885,484295
666394,483241
667969,482770
670271,482532
672734,482514
676151,482496
679359,482165
680544,481808
681064,481278
681418,480635
687856,463498
687206,456961
687064,456110
684130,449362
679748,444724
675373,440081
675175,439753
674964,438930
674964,438260
674964,438031
675130,436656
675241,436246
675590,435572
676150,435133
677281,434717
679455,434505
679705,434482
681736,434392
683471,434493
686115,434099
687202,433622
687461,433388
688070,431951
688025,430993
687826,430665
684199,428678
683836,428516
682160,428156
681746,428067
680677,427611
680060,427186
679557,426693
676492,423609
674822,421736
674624,421407
672058,416873
669704,408925
669606,408621
662370,397989
658353,394835
656520,393245
652657,385242
651863,376490
651973,376081
652489,372826
652495,372299
649594,364236
649458,363980
649243,363575
648470,363390
648418,363378
648344,363382
647455,363437
647179,363311
647097,363273
646581,362747
646389,362449
646375,362409
646129,361690
645515,359009
643894,358635
643671,358532
643178,358306
642611,357876
642418,357546
642258,357154
640541,352052
639846,345309
641009,344464
641221,344141
641277,343796
641230,343335
640509,341612
640774,334221
643375,316049
643450,315602
644095,311955
644203,311546
646112,305601
644083,297545
640875,294117
624080,284773
623727,284607
622863,284472
619900,284240
614735,283419
613575,283082
612700,282418
612492,282088
610425,276901
615239,266818
615561,266219
615600,266148
623476,252061
624708,250191
625993,248907
631566,243863
632842,243104
637707,240265
640107,239093
641540,238476
643728,237565
645216,237532
645977,237642
647006,237790
647455,237730
648172,237436
656510,229950
658048,228422
658520,227865
659324,226632
659635,225930
659844,225109
659955,223676
659844,221729
659597,219451
659493,218962
658381,209672
657453,199713
657387,192838
657338,192377
651017,172518
645308,159664
638640,144613
637115,141580
636657,140493
636235,139372
633896,133073
632270,128061
631703,126082
631253,124498
630073,120077
629676,118429
629657,118245
628749,114209
625302,102180
623147,96672
622749,94925
622395,93371
622178,91029
622229,90518
622400,89001
622558,81210
622405,79329
620417,71642
619638,69333
617754,65606
617554,65308
611020,59412
610214,58685
609037,57825
600407,53868
594536,52282
586742,44289
586667,44175
586620,44103
586526,43960
586028,43460
585677,43325
577959,41634
577037,41621
576236,41848
575158,42308
574345,43001
574182,43349
572740,46836
572102,47173
570928,47543
564906,48654
562699,49012
551384,49929
549978,49995
549435,50021
541642,50872
540939,51063
540820,51095
539076,51327
532556,51951
520668,52693
512458,53139
504479,53530
504299,53539
497514,53906
494396,54161
493936,54199
490933,54442
485628,54773
483640,54806
480728,54745
475282,54604
471913,54396
468651,54089
465023,53605
450142,52391
439794,52420
419855,50200
415875,49591
413235,48995
413098,48963
411293,48555
402001,47122
397575,46442
391968,46451
382453,45361
378507,44549
373147,50629
367993,54129
367328,54506
364567,54801
364169,54680
363664,54683
363249,54809
358389,58081
357471,58765
350944,63520
343453,62548
343091,62395
341529,56833
341583,56493
342034,55936
344236,55067
345445,54756
350608,54309
351871,54058
353313,53466
354628,52750
360854,49228
367546,44180
367841,43865
369030,42594
367478,41776
366582,42734
363321,45629
360810,47775
359893,48368
355358,50460
353917,51053
351123,51836
340605,54052
335821,54857
329808,55348
328273,55346
325041,55060
324716,54967
323797,54285
322496,54775
321646,54958
320382,55016
319317,54888
317116,54416
316161,54072
311062,52100
307858,50752
301558,46566
300644,45879
300250,45475
299751,44853
299360,44138
299062,43054
298825,41259
298813,40579
299016,39932
299130,39191
298845,32296
298778,31708
297994,28765
297783,28238
297361,27245
295316,23024
292574,19133
288746,11708
288642,11459
288598,10500
292561,11232
293442,8886
293540,8738
293701,8684
293894,8741
294960,9400
299315,12091
307823,16071
308055,16258
308998,17253
310029,18495
310793,19613
311394,21100
311907,22369
312386,23361
313044,24539
314932,27176
315093,27393
315434,27426
315668,27272
315904,26655
316287,25297
316290,24617
316185,24059
316008,23533
315865,23285
312336,19220
310109,17105
307791,15422
301503,11446
299729,10486
296441,8604
291484,5497
286595,2348
285154,385
284194,34
283856,0
266083,35
264832,108
257450,759
256035,1043
248127,2842
242442,4653
236919,6506
235822,6790
232339,7423
226113,8326
221469,8768
214519,10410
214011,10644
202513,16318
201785,16699
200503,17589
199929,18190
199441,18918
198664,19699
194348,23494
193177,24168
192175,24632
190137,25463
184217,26816
178769,27403
177798,27401
175907,27520
174170,27830
169792,29063
167951,29708
166093,30814
164345,32474
162389,34511
158836,38628
152697,46231
151080,48702
151398,48437
151843,48146
152649,47868
152970,47975
153124,48197
153368,49321
153518,50533
153449,50902
153123,51385
149089,52979
148794,53245
148654,54026
148255,54195
147257,54107
146892,54116
146666,54014
146668,53643
148510,51590
144527,55336
142872,56239
140700,57327
142950,56797
145203,56012
145591,56445
145658,57420
145627,59032
142757,60521
140883,61123
140574,61140
137350,61095
137044,61051
136192,60642
136038,60419
138612,59436
139998,58061
139904,57733
134503,59887
123266,61083
121221,61390
120429,61663
117804,63087
115543,64093
114490,64476
108781,66148
108229,66306
98301,68653
97438,68826
93667,69000
91466,69061
88702,69386
85850,70007
84778,70320
80324,71934
63728,77459
52703,80392
48104,81285
35568,86286
32278,87683
31378,88306
30366,89232
26984,91396
25786,92059
23535,92591
22648,92717
21366,92723
19904,92407
15503,91175
14232,90746
13321,90155
12462,93290
12423,96747
15277,100558
16741,102209
19712,104397
20002,104447
24614,100540
25006,100163
25324,98696
25254,98103
25104,97875
28762,98274
29883,98503
34004,99392
34635,99557
35789,100407
36297,101059
38013,104332
38151,109363
37991,110127
33112,119394
31020,121273
24372,119037
23802,118751
23157,118212
20822,116257
14851,115892
16013,131996
21265,156529
20978,160363
18388,178082
17568,181129
17178,182499
15088,188064
14342,188882
11317,191309
10477,191847
6333,194448
5847,194725
4372,194933
2179,196053
793,197135
528,197706
463,198104
0,208246
2852,213159
4037,213674
12607,221511
13381,222307
14776,223982
18757,230444
20444,232911
20852,233308
22399,234463
23218,234919
23845,235145
25135,235909
26054,236588
27694,238087
28780,239296
30893,242442
31009,242697
31067,242979
30279,251051
30176,251788
29197,253215
26534,257014
26150,257393
25083,257791
24526,257910
23784,258266
23600,258471
23433,258708
22854,260655
22600,261662
22579,262001
24812,273767
25027,274276
25929,275636
26285,276029
29903,277464
32364,278267
33109,278840
33524,279516
33681,280052
35778,299067
32040,312758
31877,313190
29937,317784
29547,318194
26661,321146
26457,321351
26093,321638
24373,322461
23539,323525
23405,323826
23146,324895
22981,326000
22981,326311
23277,327414
26765,336586
26984,337095
27702,338254
28983,339666
30156,340636
30976,341398
32719,343486
32779,343769
32802,344669
32769,349376
32749,350026
32607,350792
32172,351602
29157,356129
30441,359182
30882,359550
37277,362874
42970,365065
44984,366358
45186,366555
45287,366809
46488,369852
46464,377965
45698,378943
45677,379314
46187,381263
46514,382335
47122,383237
48055,384250
49357,386306
49745,387349
49832,388903
49165,392488
45772,405740
44430,410154
43399,412853
43264,413155
40602,418392
37930,423039
32603,430815
32316,431355
32339,431976
32505,433163
42192,434465
44699,433801
44958,433722
45093,433420
46454,424515
46639,422946
46658,422607
46265,421252
46059,420746
57915,417992
62163,420758
64578,422774
65860,425163
65750,425777
64484,426794
64165,427273
64087,427640
63952,428716
64146,429872
64589,431877
64653,432159
65924,435197
66379,435871
67648,436339
69475,437393
69908,437725
70054,437949
70389,439050
70797,444890
78491,444473
86755,446423
99357,450198
110340,456780
115534,463621
118879,463143
122279,460806
