2112652,1185995
2132634,1102230
2078570,1027209
2073105,1035046
1806300,1016715
1697316,890664
1696665,874670
1696606,874756
1695349,875805
1693933,875871
1692540,875811
1691411,875337
1690777,874500
1689669,872632
1688735,871438
1687852,870735
1685739,869811
1684481,869591
1681855,869215
1679034,868910
1677616,868913
1676528,869302
1675565,869965
1674103,871642
1673225,872144
1672138,872563
1669133,872574
1667570,872489
1666229,872332
1665179,871018
1665026,868210
1665335,866866
1667513,860458
1667890,859358
1668350,858255
1668987,857298
1670063,856043
1677505,849053
1685744,840473
1685647,839611
1684545,838424
1680594,835574
1679415,835164
1676821,835345
1675886,837152
1675401,838319
1671280,844138
1670641,845003
1667840,847542
1666965,848231
1666858,848184
1665954,847782
1665695,846432
1665439,842608
1665433,841216
1665979,840170
1666680,839396
1666991,838144
1661637,836684
1657283,836315
1656795,837179
1655717,838371
1654175,839955
1653358,840671
1647053,843986
1633268,842347
1632527,842194
1621748,830562
1621224,829779
1617659,823658
1612934,827097
1612319,827246
1611691,827087
1609146,823545
1608441,822443
1608051,821612
1607966,820936
1608050,820221
1608222,819627
1608332,818170
1606621,810205
1606320,809754
1597581,797319
1594276,792911
1593594,792073
1593212,791687
1591116,789949
1590653,789659
1590245,790015
1590014,790550
1589929,791233
1589988,792683
1589362,792523
1588761,791589
1588624,790977
1585538,774447
1584061,766412
1584086,765639
1583947,764285
1579411,751368
1577834,749145
1576695,747986
1576233,747665
1568130,746319
1567957,746913
1567573,747144
1565621,745275
1565241,744889
1561093,740635
1544664,721288
1544367,720836
1543339,718065
1545393,718684
1545783,718589
1546181,718654
1552483,722315
1552943,722637
1553539,723571
1553593,724248
1553336,725555
1553332,726173
1554983,728333
1555443,728624
1555849,728268
1555934,727586
1555888,725672
1555804,724965
1555073,723449
1550578,716489
1548523,714259
1547696,713698
1546789,713233
1546335,712768
1542577,707656
1540740,703434
1540280,702371
1540145,701759
1539521,697861
1539443,696536
1527630,685990
1525660,674363
1525607,673685
1525692,672972
1529384,666689
1529788,666334
1530540,666336
1531159,666498
1533233,667531
1533661,667823
1534363,668692
1539670,677690
1543523,676368
1548262,667814
1548664,666686
1549003,664696
1549029,663923
1549027,654008
1548214,646813
1548130,646106
1547698,645042
1544683,641239
1544307,640852
1543232,640400
1537429,638466
1535282,638302
1533965,638044
1532434,637269
1531520,636625
1531144,636238
1530554,635334
1526466,626537
1525942,625167
1523722,612840
1523693,610617
1524203,607263
1524687,605454
1525233,605217
1533599,611439
1540825,616684
1541436,616690
1541895,616363
1541683,615229
1541440,614682
1540553,613297
1538673,611364
1520999,594542
1520543,594219
1520054,593889
1518244,593442
1515943,593406
1514110,593578
1512409,593663
1511793,593501
1510723,593016
1505753,590424
1503242,589096
1494800,583726
1491220,581140
1490927,580687
1486342,572303
1477919,559888
1475709,558237
1475017,558170
1474415,558314
1473928,558609
1473154,559377
1472924,559909
1472838,560591
1472917,561267
1473130,561815
1471022,563153
1468557,564504
1468183,564590
1464854,565218
1463912,561855
1448053,542090
1436263,532697
1435415,531985
1435285,531372
1435601,530930
1436060,530637
1439074,529368
1440221,529145
1443825,529119
1445126,529354
1445657,529614
1445976,530066
1446506,530295
1453645,530612
1453817,530020
1453010,525635
1452638,525247
1447178,519908
1446728,519614
1445480,519286
1441726,518855
1440271,518902
1439644,519047
1430426,520548
1427907,519980
1424342,515899
1421305,512818
1419930,511874
1418791,511478
1418163,511621
1415221,513254
1413848,514159
1413216,515073
1406651,512405
1401273,498722
1401977,492009
1402123,491419
1402844,489826
1404276,489684
1404686,489653
1407437,491228
1407957,493000
1407344,498107
1407109,499409
1406652,499701
1406253,500083
1406489,500631
1406932,500772
1407474,500570
1408191,499747
1409429,497149
1409917,496086
1409924,489148
1409559,487987
1408625,487220
1407424,486295
1406499,485645
1386854,466773
1386541,466320
1381801,457486
1372935,434678
1372707,433390
1372505,425289
1372595,424607
1370760,416552
1370527,416034
1363514,411514
1362518,410955
1362157,410965
1350990,411391
1290935,413419
1283801,405222
1282285,402943
1279448,395794
1279379,395118
1279507,392127
1279445,389141
1279378,388465
1279080,387238
1278195,385101
1275714,379176
1272273,371206
1267891,364484
1267610,362891
1267527,362831
1222288,357695
1203129,355522
1182410,353274
1178592,352767
1178429,352642
1166777,357491
1137108,355077
1000852,342990
913094,268081
842187,206268
828923,194984
750109,127077
689524,96183
594532,28625
562768,20790
507796,6965
480599,0
468221,10139
461530,15583
411733,26737
363216,37618
361009,38112
336344,43569
313274,48640
287028,54462
267834,58713
293172,92827
310329,115748
316595,124224
355641,176732
322240,193314
303840,229445
294736,230693
257793,235689
229137,239595
202504,278175
178873,295029
157784,309966
106775,296493
72656,287501
50886,281798
50320,282311
50078,282571
49396,283480
49131,283989
44503,296091
43024,300120
41029,306262
40443,308556
34558,333991
33691,336927
27301,358921
27691,362365
27753,370848
27760,372350
27739,372598
27424,373353
26071,376520
25877,376847
25085,377372
24131,378165
23912,378459
23521,379144
20384,385316
19252,388471
13920,399458
7409,411501
7222,411422
6377,411568
2088,416199
397,418399
92,419656
0,420399
10,420588
3612,427663
4151,428180
5272,428371
5446,428292
6670,426990
6744,426778
7242,423982
7643,420910
7715,420729
10825,417181
11221,416778
13406,416216
13774,416123
13960,416195
14196,416379
26972,424891
27220,424912
32585,424774
34536,424658
35870,424302
39876,422827
41756,421891
43026,421623
48258,422030
58086,429159
60235,436053
62968,438558
64370,440079
69999,447596
71946,450283
73121,452220
73633,453104
78606,462402
87530,479154
88450,482659
87905,486767
87982,489333
89173,492609
90009,494734
92868,500916
96935,507377
98700,510133
99382,511059
100218,511778
107562,517391
114204,528714
115261,530976
115076,531960
114199,532860
113836,533987
113618,535031
113644,536186
115016,540592
115439,541652
123083,553005
125811,556166
131073,561755
134536,564842
135096,565973
135762,568358
136383,571768
139918,581711
140426,582838
142307,584685
144192,585723
145102,586690
150567,594084
151136,595152
159094,611525
159576,612647
174418,647989
175004,652664
175263,653833
175754,654893
176486,656124
177412,657399
179341,659674
180270,660483
181210,661136
184074,662445
186263,662900
188405,663228
191412,664077
192447,664580
193423,665546
194312,666568
194974,667637
195373,668845
195854,670959
195853,673136
195595,674084
194897,676184
192738,680429
192088,681351
191209,682321
189766,684186
189338,685123
191153,689252
193196,693800
195169,697721
196197,698378
202150,702178
203134,702209
203393,701231
202452,697875
203525,697384
204697,697987
205683,698858
206576,699878
215985,711068
228992,734706
229492,735762
229314,736838
229025,740207
229579,743657
230176,745930
230620,746982
233089,751480
233731,752543
238627,759016
240430,760987
241429,761791
242385,762344
243531,764461
244878,767988
245487,770135
246552,787741
243896,798858
243496,799890
242847,800815
241662,801708
240440,802258
238948,802575
237926,802608
236854,802515
235789,802328
234774,801741
233806,801342
232783,801375
232754,802368
232892,803401
240597,816148
241556,816731
243389,818390
247807,823455
249353,825717
253200,832424
254070,834614
254426,837012
260682,846842
262063,850612
260900,852099
259507,855187
259319,856014
263776,862282
267064,866620
267907,867319
274622,870414
276098,870464
277411,870379
278272,869712
277493,868864
276978,867874
277267,866742
282063,865326
283270,865608
290265,869858
290930,870700
302716,880746
316041,890482
322787,893241
328339,896587
339023,906720
358281,925577
358983,926385
359275,926863
362034,937303
367762,955277
368403,956234
369192,957076
369783,957258
371231,957448
371782,957256
372197,956904
377257,963664
380161,967925
380502,968979
380933,971474
381217,977893
381321,982601
382167,986724
382547,987824
383073,988868
387563,996028
397882,1018163
400379,1020064
400735,1020450
404785,1026313
405317,1027263
406973,1030828
406775,1031438
405962,1033074
405549,1033335
404946,1033372
401908,1032687
400805,1029609
399659,1025539
399215,1025211
396519,1023920
395926,1023710
395427,1023997
395633,1024532
400173,1033016
405618,1041967
407158,1044228
416117,1062935
419580,1086018
411155,1103767
409332,1113991
405555,1145598
408037,1148541
409567,1150735
412684,1158866
414470,1166387
415045,1170181
419353,1179931
419963,1179831
420592,1180041
421785,1183642
422253,1188049
422439,1190745
422265,1193057
422097,1194411
421311,1196823
421031,1197338
420361,1198209
414862,1207953
419574,1222815
421119,1227232
421512,1228329
430720,1245328
438457,1254540
438821,1254954
441766,1256857
444603,1257293
445017,1257092
445625,1257144
446050,1257468
448441,1259623
448802,1260130
449692,1262880
449358,1263301
448572,1263335
446305,1261710
445792,1261444
445372,1261800
445177,1262412
445485,1263566
446075,1265749
446469,1266937
447290,1268387
452277,1272022
457954,1283555
460276,1288793
463294,1294146
463569,1294618
466682,1299819
469270,1303365
469635,1303778
483979,1315612
491873,1320990
494685,1321419
499972,1321863
508904,1322109
509604,1322069
511144,1322178
514284,1323324
514799,1323586
517156,1326527
517433,1326998
517531,1327619
518647,1329226
520935,1331609
532495,1341700
533893,1342728
538893,1346204
549989,1353736
557020,1357756
570429,1378654
571521,1378190
572137,1378083
573539,1378027
574296,1378078
579215,1378577
580073,1379246
581858,1381296
582478,1382176
584965,1386494
585435,1387523
586387,1390260
586633,1392054
586684,1393504
585642,1397732
583860,1398889
582729,1399723
590051,1407121
590480,1407471
591000,1407730
602233,1416852
610334,1445181
610641,1447037
610965,1448216
612269,1451359
613115,1452734
614703,1454989
615595,1455657
617219,1456372
617919,1456512
619440,1456608
621854,1457371
622746,1458069
624236,1459520
624429,1460079
624295,1460846
621302,1468820
619632,1472665
619675,1473374
619778,1473993
623522,1482211
624015,1482468
627004,1482596
630613,1485201
631045,1485550
631671,1486426
631572,1486948
630879,1487826
627561,1494623
626704,1500211
626560,1501440
632380,1510623
638443,1514172
639115,1514309
641989,1515940
642423,1516288
647717,1523082
650514,1527143
650813,1528319
651120,1534916
651005,1537655
651050,1538333
652235,1542330
652625,1543415
654380,1546838
658039,1553717
660457,1557921
666714,1565836
666464,1568568
666509,1569277
666704,1569805
675020,1585048
679983,1590804
681774,1592837
686688,1598282
692184,1600965
692770,1601129
694965,1600367
695671,1600502
696108,1600756
718486,1619011
728980,1631085
740692,1641508
740892,1641972
742203,1647253
742464,1655656
742472,1663286
743485,1670961
745126,1682430
746897,1686977
746444,1679156
751046,1678021
762592,1688361
765400,1690890
765750,1691294
765880,1692619
765626,1698460
764596,1704783
764616,1705491
764877,1705955
768053,1709964
768644,1710157
769832,1709864
770424,1709903
773726,1711113
775457,1712458
775897,1712802
778673,1715973
785401,1728142
785603,1728544
785497,1730050
784894,1733364
784767,1734039
784455,1735296
783870,1737104
783490,1739129
783623,1740423
784680,1743849
784881,1744405
785172,1744870
789236,1749961
790120,1750617
790621,1750869
791113,1751890
791225,1752506
790679,1760895
792257,1760882
794278,1760690
794815,1760512
795859,1760031
804511,1756006
819331,1743309
820139,1742610
820654,1741571
821051,1740376
821891,1736479
823632,1728533
823963,1728106
824439,1727834
825687,1727601
827878,1727807
835485,1728742
834643,1723907
831244,1710991
830452,1710246
826990,1701140
826878,1700524
826973,1699849
830174,1678881
834703,1654574
841211,1647290
841957,1646497
843177,1645433
847313,1641967
848262,1641423
851199,1639852
853456,1638243
854879,1637426
857756,1635792
860982,1634529
862223,1634325
862989,1634363
868766,1634904
869355,1635094
879880,1639330
880938,1639861
882297,1640900
883888,1643788
885345,1646073
886137,1646817
892824,1652492
894586,1653826
895793,1654203
912029,1658922
914065,1659273
914832,1659308
915453,1659189
930120,1654816
940307,1647953
960907,1646906
961585,1646877
968899,1647519
970286,1647770
972878,1649069
973319,1649408
973583,1649901
1026828,1671956
1077503,1692774
1168973,1729940
1169506,1823740
1169628,1846078
1280000,1719573
1348185,1640275
1425230,1549503
1555082,1515420
1682757,1480859
1765018,1458028
2077053,1330717
