718239,652139
712787,649620
712339,649500
711422,649445
710592,649513
707719,649811
706954,649971
706296,650284
704872,650755
701573,651084
699784,651032
698376,650793
697160,650337
696199,649694
695921,649449
694892,648001
694143,647202
693545,646742
693161,646558
692928,646744
694001,648624
694836,649792
700254,655166
704538,658722
707260,657531
707979,656662
708553,656349
708957,656317
712815,656165
713732,656220
716148,657125
716658,657341
728230,660565
730685,660663
731091,660752
731565,661179
731998,661761
734534,665284
735099,666203
735405,666847
735585,667617
735418,667989
735165,668270
729689,671693
728349,672295
726516,672807
724552,673133
722265,673155
721444,673106
719993,672916
718980,672999
717027,673108
716346,673454
713493,675050
712664,675735
712497,676138
712435,676509
713105,677368
714681,679331
714962,679575
715713,679910
717064,680176
717985,680230
721814,680073
722562,679882
722773,679570
722855,679168
724723,679404
733118,682368
749900,691423
751296,696190
751494,696496
751818,696708
757276,698544
762907,700279
769225,701751
770626,702005
772002,702075
772772,701876
773049,701686
773511,701092
776469,699558
780222,698039
788706,695993
790994,695514
793633,695491
794130,695574
796553,696512
800266,697388
800762,697470
801553,697360
817901,694849
818220,694718
822607,691643
823198,691226
829176,693324
832832,695143
837707,698221
837973,698492
838376,699067
838635,700666
841054,703315
841816,703665
842313,703743
845316,702731
846885,701202
848030,699222
848881,696757
848848,696356
849145,695513
849350,695198
853344,690908
853683,690743
854526,690934
855162,691377
855588,691950
856027,692958
856565,694500
857181,701107
857189,708304
857329,708641
858902,711465
860197,712906
861080,712911
866198,713951
867028,714233
867729,714614
868530,715359
868895,715995
868972,716364
868812,716740
868517,716966
857414,721891
853026,723784
846450,725493
842763,727112
841464,727767
840961,728305
840340,729281
839401,730450
838331,731590
837211,732486
833943,734706
833029,735255
829511,737109
827754,737741
827299,737723
823745,738276
811300,744260
804727,747466
803809,748011
801761,749444
796849,753747
781098,764613
776769,767747
773874,769866
772703,771306
770818,774239
770438,774924
769632,777499
769726,777898
772020,783695
776166,785600
777372,786041
782591,786782
783417,786735
784065,786384
784299,786103
785057,784698
785569,784164
786404,783439
788122,782139
788701,781728
789047,781598
790285,781480
797436,780965
798350,781009
799266,781082
800206,781278
805112,782624
805485,782801
811436,786835
815832,790314
816881,791308
820371,794993
822256,797138
824423,799123
824755,799330
831175,802687
832560,803021
833343,802878
837478,800667
838982,799701
839605,799344
840823,799189
841743,799255
842623,799508
844335,800572
851330,805252
853637,807131
854337,807881
854812,808424
855634,809574
856080,810579
859513,822799
859865,824302
860384,827005
860596,828171
860570,829501
859694,833944
859340,835313
859131,835659
858504,835987
856513,836263
855886,836621
855375,837162
854789,838165
854460,838947
853631,842184
852971,843716
852941,844149
854803,855954
856217,861348
849163,863837
842484,865657
841975,865580
841555,865591
841390,865997
841335,866369
841476,866703
842508,868159
843759,869514
848554,873549
849522,874201
854318,876505
855144,876789
855452,876750
856501,876349
857788,875725
858206,875681
858652,875791
859616,876506
860452,877592
862299,880223
868539,885962
869128,886407
869510,886580
870446,886797
875619,887191
876716,886847
878586,885798
879333,885619
879799,885634
880643,885731
886952,887559
888957,887274
893371,885485
902075,881190
903218,880315
918242,868132
918495,867845
918795,867030
920232,862524
921475,859323
923065,856014
925779,850528
926631,849228
927347,848395
928224,847773
932152,845232
947591,837558
948628,837110
966931,833127
968762,833226
969591,833527
970163,833995
972792,836963
973660,838096
974383,838464
974872,838565
975753,838552
976076,838413
976996,837844
977500,837324
978111,836305
978777,834168
979325,831421
979434,830487
979809,829170
980484,827684
981120,826723
981370,826465
988848,819071
999831,809812
1000151,808370
1000661,807231
1001493,805949
1002288,805227
1008837,800205
1009500,799922
1010257,799725
1011891,799545
1013136,799477
1014936,799533
1018829,800184
1021673,801264
1025052,802869
1026518,803592
1030200,805828
1030775,806291
1032231,808343
1033260,809801
1034119,811732
1034294,812125
1034766,812687
1035573,812980
1036548,813109
1046307,811669
1047065,811500
1047609,811033
1048033,810389
1048382,809625
1057727,807974
1058664,808196
1065276,809240
1066083,809128
1081916,801485
1082798,800868
1082997,800546
1083144,800102
1083159,799667
1083066,799269
1082229,798210
1081433,797456
1079789,795116
1079246,794190
1078655,792865
1078537,792067
1078497,790767
1078650,786729
1079645,779165
1079846,778222
1083393,771635
1083828,770956
1084413,770545
1085120,770312
1086793,770169
1087715,770232
1088202,770323
1088523,770550
1090118,771187
1090977,771283
1093115,771201
1093868,771025
1094526,770733
1094988,770144
1095304,769317
1095289,768449
1095119,765950
1095026,765553
1093160,762518
1092336,761333
1091738,760878
1082741,759498
1067366,757834
1056386,758992
1055586,759103
1055270,759277
1054078,760094
1050685,762720
1050418,762984
1050219,763306
1049835,764537
1049506,765919
1048763,768039
1048044,769509
1047020,770624
1046020,771056
1045218,771166
1044346,771186
1042457,770990
1041146,770603
1040004,770114
1036251,767921
1034322,766641
1022502,775524
1021160,776127
1010150,780418
1006856,781310
1005983,781325
1005476,781229
1004651,780933
1003574,780401
1002918,779973
997121,776041
995242,774746
992562,772688
991296,771393
986043,764577
971500,744978
970661,743811
969656,742315
964342,733723
963470,731748
963328,731546
959877,724305
956646,717369
953351,708725
952227,704509
949876,696979
949293,696299
947639,695046
942637,692979
942229,693030
937656,694656
937364,694854
937161,695171
937031,695610
937382,696244
940194,699984
941539,701657
943987,703866
944400,703940
944715,703772
945186,703193
952419,715937
953852,719731
957167,725180
960754,731574
961918,733110
963569,737040
963861,737706
965534,740503
969590,746771
970261,747605
972189,749305
973133,750402
977604,755998
984737,765045
994044,776881
993963,782052
981397,777062
980431,776924
980018,776977
979085,777517
977630,778547
977124,778450
976140,777941
972012,774709
971169,773977
967639,768548
967598,768148
967730,767708
967954,767388
968226,767159
969708,766747
970712,766328
972504,765128
973474,764029
973676,763709
973984,762890
974005,762425
972874,757098
972623,755966
971721,753967
971323,753368
964534,745005
958705,741909
948417,736413
937486,729138
923367,731840
922910,731798
922745,731465
922816,731091
923040,730742
929188,723189
932459,719864
933364,719300
933855,718660
934189,717903
935183,715450
935734,713725
935934,712850
935894,712450
935749,712087
935501,711849
933963,711174
929074,709342
928621,709332
928283,709469
928363,709836
930472,712252
930822,712886
930966,713219
931149,713984
931017,714422
930815,714740
930567,714999
925709,719564
925075,719899
924621,719887
914540,719434
914334,719132
914404,718727
915485,715532
915892,714929
916186,714730
917025,714666
917658,714331
917905,714043
918577,712532
918665,712033
918625,711602
918277,710998
915768,707051
914370,704974
913690,704136
912986,703763
900391,702763
899808,702693
899658,702847
899681,703105
899965,703428
901002,704558
903125,705682
903472,705965
901416,706965
901514,707270
901695,708036
902006,709972
902161,711201
902109,712100
901951,712477
901680,712765
901068,713097
899642,713584
898232,713947
897495,713820
896958,713314
895565,711202
895219,710566
894976,709865
895048,709460
895431,709353
894957,705031
887542,697218
886306,696336
885958,696225
885032,696164
882862,696210
882116,696391
881484,696754
881234,697010
881100,697446
881027,697851
881127,698218
881597,698757
882488,699035
884274,699065
885228,699278
885474,699549
885485,699681
885315,704128
885224,704594
884433,705364
884094,705529
883257,705589
882822,705451
878291,703290
876601,701093
877032,700460
877023,699595
876946,699196
873776,690035
873510,689797
870893,688556
870522,688383
870230,688608
870215,689475
870349,690274
870371,691570
870309,692931
870145,693834
869716,694466
869422,694692
868604,694657
865154,692266
864293,691552
863091,690203
862524,689292
860178,684980
859836,684343
859802,683942
860006,683627
860752,683510
867426,680359
867746,680318
868196,680334
882034,683693
882757,684071
883288,684577
883795,685547
883972,686283
884636,688051
885310,688924
888030,692287
888297,692525
895056,694008
895444,694055
895827,693979
896300,693374
896327,692940
895549,689971
895309,689270
895103,688968
894507,688496
895221,684051
896816,675708
897109,675512
897536,675463
898734,675975
899700,676618
901037,677926
903535,680983
903965,681553
910936,687430
920531,688753
920830,688814
921331,688775
921940,688509
922396,688026
922517,687835
922624,687608
926088,685633
926511,684966
926849,684828
927301,684839
927632,685072
928085,685608
929691,687984
929899,688346
929980,688713
930018,689114
929760,692124
929605,693522
929318,694337
928763,695443
928539,695762
928247,695960
927884,696037
927428,695933
927117,695699
926829,695000
925391,694355
925406,694095
925249,693416
925012,693314
923465,693342
923246,693351
922867,693554
921535,695018
919927,695566
917377,703708
917244,704147
917218,704581
917338,705380
917874,705883
918311,706020
925108,707285
927703,707485
928565,707479
929742,707273
930464,707027
930958,706511
931647,704966
934640,697508
934771,697070
934818,696172
934496,694206
939705,685597
948166,684596
964565,676332
965191,675962
966312,675196
966846,674705
970561,670972
971220,670343
976941,660989
977702,659557
978085,658238
977874,657073
976436,654053
988391,663270
988537,663604
988581,664035
988500,664534
987799,666675
987429,667376
984186,672621
983722,673202
982834,674165
981481,677185
978594,682471
978176,683110
977420,683892
976550,684523
975203,685118
973696,685503
971224,686369
968078,687514
967404,687826
966531,688425
966266,688716
961649,694231
961565,694728
961584,695130
962064,695694
962396,695895
963349,696003
964024,695723
972621,691094
974702,689690
975552,689029
976352,688277
977481,686797
978165,685864
978602,685161
983915,674697
988935,665842
997960,653658
998638,652754
999144,652231
1000410,651511
1001489,651297
1002561,650958
1003920,650387
1005804,649261
1009172,647182
1010515,645962
1011019,645437
1014275,640699
1016131,637713
1016588,637128
1018120,635554
1019216,634591
1021983,632292
1022865,631683
1029510,627941
1041640,625058
1050814,624789
1051737,624854
1052839,625405
1053090,625667
1054817,627972
1055217,628536
1063185,621167
1063637,620578
1064913,619254
1066380,618226
1067940,617316
1074739,613849
1075753,613408
1082593,610643
1088781,610490
1089656,610489
1092036,611002
1092866,611284
1094254,612520
1101364,608254
1102387,606814
1105055,603673
1105570,603139
1110873,599426
1114275,597325
1117138,595854
1125215,591047
1126434,590301
1128965,589484
1129838,589508
1130608,589821
1135127,592387
1135439,592579
1135654,592872
1135749,593268
1140583,586892
1145078,579607
1150459,571622
1150969,571115
1151571,570693
1152246,570388
1153045,570293
1155746,570381
1158797,571337
1165918,571456
1166688,571267
1168066,570747
1170372,569649
1172855,568163
1174628,567545
1177428,567272
1190468,566348
1190936,566369
1195550,569284
1195964,569869
1203029,563634
1202065,561669
1200647,555638
1200593,554804
1200674,554298
1201060,552956
1201620,551879
1203196,550336
1206023,541895
1199753,538114
1202399,519268
1203249,514088
1203553,513283
1205826,508279
1206548,507434
1207142,507037
1207827,506724
1213764,504518
1214504,504323
1216737,504360
1217992,504272
1220399,503919
1223375,503135
1225442,502314
1226080,501939
1235803,496166
1236098,495949
1236567,495374
1236788,494417
1236899,492569
1236876,491264
1237716,485325
1239144,479202
1239878,477727
1240515,476758
1241567,475750
1242203,475407
1242884,475090
1244743,474591
1246796,474384
1255302,473801
1261203,476183
1262031,476472
1263008,476588
1263767,476415
1266847,475160
1271034,473660
1272229,473440
1278397,472818
1279697,472804
1281096,473121
1281751,473551
1282546,474309
1283201,474736
1283636,474876
1284444,474760
1285154,474526
1288607,473249
1297535,472275
1298418,472272
1300898,472654
1303313,473197
1304811,473437
1307119,473586
1308220,473276
1309750,472293
1310259,471767
1311099,470456
1312054,468661
1312479,467396
1312568,466886
1312599,466415
1312435,456408
1312407,455975
1312325,455610
1311586,453912
1311165,453336
1309888,452043
1308607,450719
1308407,450430
1308427,450053
1315949,431739
1316768,429771
1317710,427976
1318810,427006
1321535,418099
1314897,410860
1309158,396283
1308006,392198
1307629,391085
1307488,390758
1307269,390470
1306673,389977
1304728,388730
1303999,388345
1303118,388071
1301816,388094
1300303,388453
1298236,388687
1293545,388637
1292546,387079
1292242,386395
1292247,385520
1294447,373816
1295592,368783
1299156,363819
1300513,361977
1301078,361507
1302078,361048
1302461,360973
1303853,361063
1304862,361228
1316314,361398
1316829,360869
1317765,359696
1319033,357672
1319509,356459
1319645,356036
1319898,354507
1319871,354104
1319756,353304
1319610,352946
1319192,352371
1318658,351871
1317896,351524
1316942,351292
1316085,351362
1315466,351715
1314952,352245
1310580,355224
1298512,353304
1297559,353070
1296737,352727
1290544,345654
1290355,344895
1290231,341443
1290264,340097
1290411,338675
1290698,338486
1298951,335794
1305285,335343
1306426,335086
1307344,334510
1307551,334174
1307666,333223
1307079,331885
1306908,331124
1306962,330181
1307552,328549
1308456,326631
1309695,324611
1310386,323686
1311132,322880
1314188,320299
1316068,318989
1321403,311062
1321422,310372
1321286,302258
1320982,300920
1320551,299720
1320267,299223
1319086,298239
1317872,297135
1315190,294330
1313405,292198
1310697,288457
1310269,287258
1310105,286558
1310036,285816
1310052,284408
1310318,282531
1311008,280980
1311611,280064
1312908,279002
1314791,277745
1315393,276829
1315745,275692
1315835,275086
1315742,274316
1315527,273718
1314738,272192
1309428,271478
1307537,271297
1304843,271866
1303956,272440
1303199,273249
1302563,274230
1301845,275721
1301413,276366
1300654,277173
1299471,278001
1297867,278876
1295165,280054
1292461,280629
1291567,280639
1290630,280435
1280190,275823
1279096,275291
1278492,274798
1277809,273970
1277257,273033
1276960,272380
1275903,269128
1274164,265047
1273426,263352
1273268,263026
1272802,262486
1264976,260522
1264070,260373
1263228,260436
1261878,261023
1260728,261962
1260219,262486
1259039,263334
1258018,263790
1257269,263966
1256473,264085
1254584,263824
1252182,263306
1250446,262590
1249254,261659
1248554,260799
1248124,259817
1247598,257940
1247122,256525
1244530,250474
1244317,250185
1243779,249682
1243128,249253
1242449,249030
1238304,252203
1236447,255207
1236014,255877
1235551,256456
1234969,256861
1234296,257182
1228640,258651
1227496,258896
1226658,258983
1226189,258938
1225596,258471
1225173,257891
1224110,256007
1222802,253898
1222590,253609
1222111,253066
1221462,252635
1219755,252096
1216766,251625
1206357,246642
1203446,244287
1200685,244003
1199291,243925
1198245,244309
1195972,245501
1193740,246095
1192540,246152
1192084,246009
1184629,243501
1183362,243063
1182337,242010
1181976,241391
1181289,239683
1181116,238922
1180540,237109
1180309,236384
1179811,235375
1179394,234793
1179129,234538
1178466,234103
1177549,233943
1177132,233983
1169478,235427
1169087,235527
1168803,235710
1168620,236101
1164360,250346
1159034,254817
1157953,251406
1155855,248456
1154762,247033
1150975,242214
1150711,241959
1150050,241521
1143050,238513
1140831,237871
1137919,237291
1137202,236888
1136340,236187
1129432,226006
1113825,199412
1113675,199051
1113415,198793
1110593,199220
1104498,200599
1103395,200940
1103095,201151
1101968,202643
1101802,203030
1100515,204999
1099256,206346
1098460,207063
1096908,207998
1090961,210871
1086665,212302
1085534,212578
1085075,212552
1083587,211832
1082191,211508
1080152,211606
1079781,211697
1074596,213217
1073575,213638
1068485,216449
1062213,221329
1061111,222280
1060096,223348
1059258,224651
1058917,225421
1058620,226250
1058114,228025
1057899,228351
1057225,228649
1055643,228797
1054262,228711
1053254,228537
1052304,228328
1051599,227944
1051066,227455
1050846,227161
1050645,226866
1050336,226174
1050276,225341
1050403,224897
1050960,223802
1051370,223152
1051473,222648
1051443,222246
1051223,221952
1050889,221729
1050519,221569
1044893,219617
1040723,218518
1038074,220379
1037271,221118
1036684,221531
1035750,222092
1034750,222566
1033987,222742
1032623,222558
1032234,222399
1031256,221752
1030449,221002
1025887,214957
1025053,213774
1024134,212224
1023803,211130
1023746,210297
1023585,209967
1023310,209707
1021057,208030
1020358,207642
1019913,207517
1016518,207092
1014183,206814
1010486,206591
1008422,206819
1004813,207331
1002465,207760
1000472,208165
999383,208482
998282,208923
997348,209478
992352,213538
991806,214005
988776,218198
988383,218306
987510,218297
985291,217656
982483,216121
981184,215269
971175,203557
969800,200972
965601,187615
965634,187149
965766,186707
965964,186386
966508,185921
967440,185343
971909,182265
969798,173715
969516,172585
969222,171922
961849,155927
961537,155263
961111,154667
960593,154170
957420,151684
957554,149200
959879,146405
960805,145857
961579,145039
961907,144277
962013,143404
961914,143037
961546,142408
961277,142144
960573,141782
956521,140554
955362,140773
952533,141859
951011,142221
949809,142381
948419,142301
947372,141709
946625,140912
946011,140016
945702,139352
943211,131125
943430,128326
943408,127924
943365,127494
943067,125931
942816,125232
942283,124734
939973,123713
939595,123547
932685,123674
931510,123890
930786,124176
930247,124667
929799,125774
929182,126641
928841,126813
922623,129263
920823,129847
918428,130214
916209,130198
914356,130101
911970,129845
911630,129645
903008,124045
892837,121131
891112,121207
880369,103384
880427,102454
880542,96014
880468,95181
880229,93614
879633,90916
879467,90181
879316,89816
874227,82819
870017,79649
869793,79349
869553,78648
869576,77286
869788,76348
869965,75970
870585,75605
876252,73610
880204,72948
888740,71187
889500,70998
890499,70553
891394,69925
892347,68892
892677,68135
892881,66670
892859,65774
892673,65040
891421,61506
891029,60472
888402,56776
885289,55526
884954,55294
878200,49613
870202,41622
867139,36704
866551,35366
866111,33899
866020,33531
865957,27223
866166,26255
867521,24438
867540,23973
867302,23271
865172,19025
864270,17886
848738,758
848154,316
847313,100
844109,0
842863,76
839032,983
838026,1452
834493,3337
832695,4510
826657,5266
820081,2307
817386,1322
805957,83
805502,34
804869,422
794372,8558
789956,12349
787942,14500
786728,15272
785796,15202
775439,14358
773591,13997
771470,13270
767215,11009
765125,9815
763438,8828
761239,7728
759507,7266
751724,6170
750419,6224
749742,6513
748863,7145
748660,7458
748149,8610
748024,9076
746195,23815
746222,24247
746536,24922
746731,25197
746832,25597
746745,26094
744600,31134
744339,31447
743532,32200
739309,34860
732792,38751
732470,38910
731633,38983
723636,37845
717658,36240
717640,34511
717385,33772
716867,33283
716196,32856
714668,32192
713332,31803
712322,31627
711447,31635
709054,32027
705688,32271
697982,32015
691224,31219
689797,31103
684299,30848
681371,31073
680154,31231
679394,31418
678729,31698
677552,32535
675994,34083
675330,35011
664423,34617
662653,34615
653593,35001
652831,35184
652507,35338
651461,35994
650959,37157
650844,37496
650600,40377
650581,40853
652520,44112
648258,46663
643301,50010
637902,55790
632231,63354
632018,63693
631900,64125
631878,64588
631952,64959
632404,65982
632533,66754
632415,67217
629590,76188
629258,76958
625152,83723
624289,94992
626496,100880
630375,114070
630392,114503
630384,118302
630165,118651
628733,119124
628072,119428
625248,121693
625051,121999
624912,122462
623847,127252
617843,122399
609942,115274
609937,112184
609879,110484
609845,110052
609577,109801
600622,101537
599705,100876
598535,100366
598035,100267
597035,100098
595684,100080
588776,100318
586633,100409
584623,100685
579621,102117
577512,103532
574196,105451
569463,105517
568962,105446
567990,104809
567615,104183
567468,103841
567289,103095
567229,102260
567139,101888
566794,100799
566499,100114
566203,99458
565614,98983
563727,98821
562877,98898
559852,99669
559521,99817
544575,109184
540613,112142
540012,112349
539586,112369
538556,111787
537802,110995
537597,110681
536993,109336
533640,98555
533821,97571
533805,96674
533396,93881
533165,93165
529343,84840
528274,83822
527952,83628
525018,82618
523082,82379
522620,82396
521864,82591
520463,83138
505851,91259
504669,92086
503374,93375
502094,95374
500668,97709
500111,98803
499832,99629
499764,100555
500209,102888
499860,105845
499786,106337
499229,106814
498896,106957
498396,106879
498073,106683
493448,103405
492658,102203
492269,101138
492083,100389
491323,96095
491197,95286
491018,93210
491010,92312
491105,91821
491191,90432
491147,90029
491005,89684
490784,89397
490464,89170
481604,87431
481142,87414
480328,87539
479294,87903
477347,88944
469555,86080
466139,78460
465978,78144
465660,77915
464313,77923
462835,78327
462502,78469
460738,79727
459993,80531
459562,81195
458435,83314
457208,85955
456740,86553
455234,87542
454567,87824
453417,88116
452160,88187
447725,88184
446771,87956
445616,87472
444265,86608
442820,85277
442084,84501
441449,83606
440337,82195
439603,81390
438390,80932
437966,80944
437297,81254
436401,81894
435408,82962
434731,83860
434387,84649
434226,85631
434343,86442
434619,87568
434657,88004
434674,89737
434612,90662
434495,91122
434061,91752
429600,97982
429265,98121
428885,97979
424987,94979
424769,94690
427129,88555
428239,87055
428528,86233
428609,85742
428631,85278
428552,84904
428395,84556
428039,83920
427504,83431
425836,82825
419684,80919
413857,79177
410181,81714
409105,82031
407084,82331
398479,82067
397982,81979
397586,81803
397174,81223
392525,73448
392430,73071
392564,71655
393015,68675
393238,67758
393425,65384
393389,64979
393104,63849
392850,63587
391685,63090
390361,62708
384917,61786
381343,61770
380514,61816
379419,62155
377230,63455
375618,63734
374607,63582
373677,63373
372001,62779
366997,60594
363754,58912
360421,56851
357061,55249
355529,54565
354521,54410
352665,54294
350101,54442
347291,54823
345062,54835
342217,54559
341372,54255
341029,53613
340979,53207
341039,52281
341410,49825
341139,49559
340194,49343
336146,49015
334377,49052
331903,49291
331020,49294
325381,48354
323550,47888
322828,47497
321493,46258
320863,45378
313347,41718
299221,37844
296330,37258
295570,37419
293881,38192
292783,38513
290699,38667
289337,38657
283969,38589
281535,38278
280448,37955
273121,37372
267744,36417
266534,35948
264501,34729
262223,33239
261177,32658
260008,32159
259577,32030
255569,31763
254685,31782
249517,33217
246563,34087
242251,35990
236083,36642
235230,36723
224766,36957
222040,36249
201993,35136
201106,35147
200732,35236
199845,35869
194911,41409
194707,41733
194195,42867
193817,44823
193128,47621
192871,48498
192203,50054
191998,50376
191483,50919
175862,62053
173801,63501
171189,64833
169832,65415
168697,65708
167360,65700
166705,65261
166483,64959
166368,64169
166091,63051
165754,61959
165453,61276
164887,60347
164335,59856
163967,59663
155284,56981
154274,56816
153437,56854
148134,57525
146980,57810
146309,58115
144793,59080
144291,59620
144083,59941
143750,60717
143657,61237
143692,61645
143788,62029
144415,62905
144556,63231
144941,64766
145621,68701
145593,69165
145340,70666
145046,70886
144645,70813
142548,69606
142715,72358
142840,73108
142847,73150
142988,73477
143412,74082
143487,74132
143739,74302
144627,74394
144701,74402
144751,74422
145485,74732
145631,75168
145723,75443
147269,83890
147176,84409
146134,87543
145958,87930
145311,96712
147821,105256
149373,107127
152828,110902
158247,122592
158294,122908
159326,131148
161124,136048
161266,136405
162612,138528
165140,142075
165557,142644
166097,143164
167080,143788
167475,143944
169072,144572
169405,144791
172666,147344
172809,147701
172698,148655
171863,149975
171569,150165
170417,150459
167740,150420
166042,150038
164020,149797
163769,149779
161586,149636
160400,149863
159775,150206
159321,150816
159145,151203
158758,152535
158721,152761
158612,153424
158686,154272
158829,154628
162400,159927
165978,165223
167785,172368
167787,173231
167371,179798
158237,195697
157783,196275
157183,196716
155954,196877
152729,196686
149347,196151
146909,195771
144594,195635
142960,195846
140309,196483
138342,197074
137742,197254
137079,197538
136743,197683
136442,197902
135929,198442
135592,199217
135513,199498
134737,202260
134596,202761
134451,203076
134417,203148
133924,203690
127196,209206
125463,210524
123278,211763
119881,213876
110664,220894
107872,223094
107802,223149
106416,224312
104760,225758
99100,230862
98365,231532
92104,237627
89241,240468
62053,268921
56646,276241
54055,279021
53618,279489
53201,280128
51511,283371
51212,284212
51167,285143
53071,293103
54989,298846
55045,298979
55391,299796
55491,300182
55526,300592
55899,310904
55713,312382
55195,313542
52492,319233
50451,323186
50062,323922
49952,324347
49920,324813
50132,325117
50354,325142
50536,325162
55396,327112
60287,332679
61794,334625
61875,335008
61709,335395
60462,337973
60274,338938
60177,339439
60295,340232
60480,341346
61458,344370
60661,344360
60191,344340
59295,344086
58967,343893
51179,338252
41540,332231
41316,332167
40646,331973
39795,332063
38891,332616
38476,333193
37502,337579
36058,341943
35890,342330
35635,342581
35252,342694
29761,346811
26329,353161
22618,362228
22517,363091
22349,363478
16870,374496
16667,374815
16204,375417
8974,380914
4016,383922
3463,384388
2768,385179
2597,385566
2402,386511
0,403798
1460,404294
4074,403622
4947,403631
5787,403917
8616,405344
8761,405704
8694,406103
8524,406488
8105,410596
12745,420698
14652,424231
14985,424426
20270,425094
22583,424577
22967,424496
23413,424609
23700,424839
24006,425083
24225,425358
28463,432364
29641,436930
29675,437371
29753,439097
29636,440520
29787,440849
30215,441416
30846,442250
31494,442613
32431,443139
32929,443418
34403,443706
35191,443576
36499,442908
39675,441792
42995,441815
43453,441834
43852,442002
44118,442250
47245,445961
47378,446144
47663,446537
49469,450134
49622,450462
49810,451231
49829,451640
49751,452162
49214,453258
47246,456164
49430,460820
49519,460903
52126,460435
60960,457729
64235,456048
64787,455576
65581,454195
66080,453031
66707,451445
67150,449620
67649,448457
68075,447784
68570,447244
70036,446213
70753,445945
71596,445877
72498,446034
77973,448411
78572,448878
79346,450080
79607,450792
80253,453446
80407,453773
80627,454077
81162,454568
84588,457038
88392,459730
93372,462818
93887,462900
94666,462853
95570,462383
95826,462128
96017,461754
99998,460955
118859,466498
129677,468145
133879,469036
134708,469331
138369,471567
138841,472108
139674,473741
140147,474281
140797,474715
141201,474876
141628,475008
149570,476445
149991,476421
156002,474191
162654,471732
163823,471494
164243,471468
165766,471725
173360,473006
174512,473505
175674,474012
177207,475138
177955,475917
181214,479362
181514,480010
181561,480448
181478,480939
181021,482143
180935,482664
180963,483070
181057,483451
181422,484072
182647,485419
183777,486414
184769,487057
188094,489074
190500,489584
191223,489954
191475,490192
191908,490787
192538,492020
194506,496374
196299,500838
196462,501161
196942,501697
197325,501883
198273,502085
198997,501978
200904,501427
202074,501211
204389,501146
204426,501145
206692,500837
208210,500459
211013,499439
212937,498411
214054,497505
216063,495365
216780,494490
217186,493838
218026,491916
218786,490486
222065,486176
223028,485072
223624,484652
224965,484042
230475,481855
231660,481633
243733,480829
245486,480803
248730,480916
250233,481180
254518,481583
264027,482101
264791,481908
265458,481613
267460,480077
268718,479358
269479,479194
275443,478457
284088,478047
288960,478580
289873,478680
292490,478757
293818,478162
295093,477439
295966,476811
296213,476518
302271,468912
306620,459551
306649,459087
306403,458391
306315,458022
306223,457635
306222,456885
317441,454121
318311,454112
320109,454500
321322,454976
321917,455416
322326,455502
322705,455401
325252,454006
330471,450450
330607,449321
330672,448784
331267,447115
331769,445968
332217,445375
335504,441449
335768,441186
336087,441019
336700,441488
337304,442823
343812,442764
356763,440731
375539,440613
376369,440531
392238,433432
397207,430799
399269,430583
414581,433173
415693,433625
422254,438922
422788,439440
423239,440450
423694,442325
423995,442987
424360,443621
425716,445164
427107,446397
428285,447312
429333,447882
433125,448967
436920,449462
438076,449942
438334,450199
438550,450486
439004,451494
439074,452331
438828,453837
438186,455419
437780,457320
437804,457754
438045,458443
438260,458731
438646,458901
446659,461627
448051,461959
448880,461898
449216,461755
450902,460367
452900,458865
453574,458520
456914,458087
457329,458040
457821,458120
458164,458350
458640,458892
458794,459207
459036,459927
459305,461050
459314,461946
459013,463389
458517,464514
460225,467018
463727,469152
468537,470619
472315,467813
473027,467559
473502,467575
479064,468811
486077,470706
490894,472123
491564,472545
492503,473624
492969,474627
496240,485273
496404,485822
497177,487022
498233,488474
501737,492159
502545,492924
503135,493374
504218,493961
505727,494219
506660,494276
507868,494125
508501,493739
509033,493291
509466,492622
509799,491860
510051,490970
510202,489987
510379,489589
510595,489256
511127,488775
512214,488464
513482,488344
515265,488391
515717,488527
516264,489036
516464,489319
517956,491767
518314,492395
523710,512547
523804,512921
523772,513382
523657,513812
518846,530187
518432,530856
516156,533237
515662,533780
514399,535726
513984,536395
513650,537157
513638,537620
513701,538424
513869,539203
514154,540322
514671,542157
517344,548960
517503,549305
517971,549841
518408,549976
518828,549925
519506,549633
520057,548535
520472,547897
521048,547479
521386,547332
521848,547313
522242,547476
522508,547730
525958,551490
530329,556474
531891,558794
531987,559167
531987,560064
531607,562001
531640,562402
532036,563462
533642,565814
534444,566574
535342,566840
538228,566535
539184,566029
539401,565695
539847,564501
540111,562992
540118,561664
540368,560774
540626,560503
540965,560355
542206,560257
544991,560563
545718,560948
546253,561454
546822,562360
547663,564416
548032,565905
548329,567827
548333,568691
548303,569154
545964,582787
545829,583216
547235,596091
547099,596552
545589,604395
545558,604859
545699,605201
557917,611303
567159,614335
567873,614686
568730,615410
573223,619249
573766,619751
573974,620033
575433,627250
575577,628919
575012,646600
574899,647031
574526,647735
574266,648010
573923,648158
571345,648242
570961,648329
570117,648760
569393,649137
569367,650772
569545,651548
570171,652421
571804,654330
577734,659824
579888,661367
582223,662265
584114,662908
585031,662951
585542,663051
586673,663540
587374,664375
587286,665173
587193,665442
586998,666003
586492,667139
586077,667781
585067,668231
584232,668374
580812,668512
576796,668454
574511,668327
571698,667851
570948,668026
570387,668356
566739,671909
563618,669387
556886,661057
556667,661394
551099,667958
549971,668864
549303,669159
548343,669048
547897,668915
546796,668369
546142,667955
538727,661843
538169,660937
538135,660504
538347,659581
539377,657319
539472,656826
539438,656424
539339,656052
539132,655739
538544,655294
538100,655161
537225,655173
527384,657395
523644,661291
523819,662037
524048,663185
524114,664019
524016,664511
523817,664847
523554,665118
518472,668487
517802,668779
517374,668798
516503,668562
515916,668115
515656,667399
515624,666965
515763,666536
515963,666200
516385,665563
517008,664590
517547,663491
517686,663062
518020,655535
517837,652566
517739,651329
517469,650179
516265,648792
513995,649319
503840,653688
503192,653979
500049,655778
499179,656404
498085,657330
495417,660375
495116,661200
495068,662125
496050,676671
501044,684376
501664,685226
502612,686673
502752,687047
502783,687481
502706,687973
497257,707435
496872,708137
496628,708406
495584,708780
490993,709763
485747,710970
483533,711555
481275,712165
480270,712629
479984,712838
479781,713141
479456,713902
479274,714917
479255,716244
479515,716962
479781,718113
480558,722399
480685,723206
480649,723669
480124,725353
474190,732213
473698,732754
473101,733168
472772,733313
471515,733428
467598,733551
466836,733712
465931,734299
461140,739921
458342,744615
458244,744953
458449,745299
460194,746254
460993,746991
461199,747307
461341,747620
460960,759871
460508,761062
460301,761395
459434,762015
458751,762301
457591,762541
456722,762542
451077,761826
450236,761641
448087,760980
446481,760338
444220,759763
442460,759794
441674,759919
440971,760142
439624,760741
439001,761151
438462,761626
438006,762228
437052,763954
436137,766362
436012,766821
435969,768236
436269,768096
437104,768215
437157,768222
440447,769856
440928,770399
441069,770713
441260,771462
441316,772298
441234,772790
441173,773971
441162,774176
441241,775013
441411,775761
441905,777169
442540,778891
443063,780057
443146,780242
443494,780871
444555,782299
445498,783384
447987,785138
463374,792079
472216,794796
472714,794904
472810,794907
473196,794919
473652,794933
479857,794006
480810,793510
481008,793188
481017,793175
481026,792837
485058,786190
494481,784291
514287,773283
514989,773053
522277,771897
522691,771877
529504,772400
536642,775114
537807,775601
541966,777475
543321,778274
544390,779251
546966,782265
547580,783139
548333,784791
549237,787709
549491,789288
549599,790526
549538,791450
548825,797687
548874,797828
549374,797929
552304,797582
554050,796348
554274,796012
556546,785804
556620,785311
556415,772188
556342,771384
556195,771042
555164,769142
554843,768919
554453,768850
550119,769512
545867,766963
543995,759425
543959,759021
544363,746157
544468,745201
544565,744710
547565,730411
547704,729950
547987,729772
548331,729870
551251,731840
551506,732092
552564,734425
552600,734828
552463,735258
551977,735805
551555,736444
551417,736874
550975,738596
550870,739550
551010,743690
551045,744092
555457,751489
556110,752519
558399,751694
559033,751335
562076,749410
564747,747603
565295,747149
565453,746750
565351,746378
565161,746098
564497,745685
563093,745538
562320,745216
562042,744965
560395,742622
560227,742310
560147,741938
560140,741044
560351,740121
560551,739785
560815,739543
570721,730719
573869,728113
574542,727814
574952,727791
576350,728120
577617,728538
578323,728920
578790,729450
579359,730415
579652,731100
580010,731721
580836,732874
581268,732850
587385,730647
588887,729646
594937,725184
595785,724513
615970,700298
627094,683403
627722,682420
635752,669410
636076,668640
638093,662261
638159,661736
638140,661335
637113,657657
641195,650236
649511,646468
655198,644137
658092,643216
659646,642939
665984,641925
667579,641709
668506,641819
671790,642972
672620,643249
674557,643649
678727,644289
679684,644411
680472,644285
685868,641894
686462,641492
689889,637035
690100,636725
692503,631992
692754,631097
693848,628932
699347,621680
699717,623437
696130,631266
693456,636402
693035,637052
692570,637642
691233,638233
690936,638451
690725,638761
690262,639965
690242,640428
690329,640799
690543,641106
690863,641322
697467,643668
697978,643727
698360,643663
698636,643446
698972,642673
699240,641189
699576,640354
700041,639764
700295,639516
700909,639142
701587,638861
703094,638482
704008,638538
706991,639507
708526,640176
710597,641364
715987,642620
716413,642585
719846,641167
722385,639816
722977,639379
723482,638850
723815,638106
723896,637611
723505,629989
723218,628849
722784,627866
722161,626976
721028,626030
720253,624802
719989,623692
719918,622860
719956,622397
720117,621408
720406,620572
720738,619797
721387,618833
722207,618148
725137,616700
725726,616292
725934,615952
726474,614864
727546,612014
728137,609754
728333,608301
728181,607963
727904,607720
727521,607537
726489,607918
725901,608356
724890,608799
724023,608807
723238,608476
722767,607924
718319,599815
718018,599138
717692,598059
717659,596764
717863,595835
718380,594690
720045,592082
720291,591307
720283,590443
720196,590075
716279,580599
715787,579646
715361,579064
714008,578272
712048,577886
710632,577156
709510,576176
709107,575593
708849,574884
708825,574484
708905,573958
709029,573525
709381,572750
709839,572159
710887,571782
711204,571994
717810,579907
728680,598943
731032,607563
731146,608364
730871,610313
729772,614338
729053,616444
728513,617530
726646,619309
725934,620179
725522,621418
725442,621945
725388,622841
725405,624600
725480,625833
725591,626234
726353,628294
726720,628940
727903,630146
728233,633647
728322,634017
729741,637768
730304,638688
731146,639853
732092,640923
741011,648413
741332,648626
741757,648590
742053,648371
744793,646174
748358,643749
748739,643652
749635,643794
750216,644250
751707,645865
752658,646932
753177,647449
753975,648178
754684,648571
755645,648772
756093,648797
756922,648753
759432,648561
761321,648100
762947,647301
765578,645437
770322,642733
778777,638538
779114,638377
779561,638400
779884,638609
780103,638914
779918,639288
778046,641577
777295,642394
776750,642867
775780,643348
773851,643753
772859,644203
768256,646411
765072,649048
763024,650788
762336,651726
762172,652099
761874,653523
761860,653987
761994,654324
762212,654630
762921,654989
763181,655232
763335,655570
763171,655973
762667,656475
758171,659540
756848,659498
755329,659242
752012,658550
744645,656116
737819,654162
722766,653334
719398,652911
