184058,1315122
183995,1314444
184080,1313763
184318,1313207
184634,1312760
185100,1312471
186714,1311803
188181,1311897
188802,1312050
191469,1313265
192076,1313414
193463,1313587
195008,1313599
195689,1313540
197547,1313105
198557,1312601
199340,1311832
199871,1311617
200486,1311639
200868,1312029
202607,1314864
202826,1315412
202731,1316091
202432,1316542
199704,1318714
198771,1319329
192970,1321988
192439,1322203
190107,1322926
188041,1323129
185581,1335242
185333,1336525
184914,1339204
184831,1339884
184890,1340593
186067,1345481
188000,1345441
188603,1345304
189296,1345373
189836,1345635
190286,1345944
190592,1346414
191333,1347951
191265,1348477
188374,1351727
187606,1352467
177122,1360813
175725,1361716
174633,1362138
173399,1362437
172711,1362493
172014,1362420
171563,1362110
171176,1361718
171652,1360637
171819,1360035
171673,1359435
170753,1358811
169307,1357924
166454,1357808
159295,1358551
158666,1358712
158513,1359316
160800,1361643
162767,1363494
163318,1363729
163927,1363913
178208,1365781
184174,1368482
188376,1370901
201186,1367808
206120,1366640
205274,1366767
204578,1366701
204270,1366231
204057,1365684
204135,1365003
205019,1362034
205962,1360691
206664,1359840
207046,1359467
211707,1355712
214189,1353924
217340,1354031
221655,1353335
226374,1351191
227917,1350460
229775,1349247
230469,1348582
230781,1348133
231242,1347838
232404,1347478
236327,1347140
237013,1347232
237564,1347456
238017,1347760
238399,1348175
239301,1349537
243236,1347552
249607,1343215
262536,1335530
267700,1333109
268853,1332739
272147,1333619
272537,1334001
274451,1339845
274609,1340440
274882,1342283
274877,1342883
274267,1343031
272953,1342808
272348,1342926
271959,1343300
271333,1344203
270706,1345200
270469,1345728
273572,1349818
275014,1351134
278807,1353791
287336,1360694
287479,1361316
288437,1364908
290075,1369366
290607,1369610
293990,1368431
296152,1367398
296624,1367097
297012,1366719
297245,1366191
297409,1365587
297344,1364884
298689,1361923
302394,1353835
303621,1353089
310021,1352040
310235,1352420
310306,1353092
310367,1354549
310465,1358214
316553,1369809
318355,1372576
321432,1378715
322098,1380327
329360,1401333
330968,1408080
333208,1414512
333812,1415419
335172,1416345
337539,1417830
342563,1420050
346113,1419789
347341,1419498
348795,1418675
354714,1411911
355339,1410998
355199,1410382
354581,1410230
353811,1410212
353197,1410029
352745,1409742
352220,1408725
347385,1383598
347742,1379318
347826,1378640
348068,1378111
349783,1375226
350648,1374570
351722,1374132
352417,1374047
353102,1374147
354003,1374782
354310,1375235
354541,1375771
354606,1376439
354518,1377148
354210,1377574
353430,1378339
352891,1378573
351659,1378862
350288,1378974
349663,1379132
349191,1379438
348881,1380648
348797,1381326
348784,1382078
348844,1382777
349535,1383633
350072,1383869
350763,1383940
351440,1383883
352532,1383447
353695,1382300
354626,1380961
355490,1379519
355643,1378914
357964,1365716
357918,1365295
357654,1359439
356379,1357650
356226,1357032
360939,1354837
361086,1355266
361223,1356667
360829,1363135
360746,1363814
360184,1366016
359720,1366457
359533,1366730
359570,1367150
359708,1367472
359973,1367661
360397,1367629
360766,1368460
361837,1368020
362304,1367711
365938,1365258
367265,1364289
376078,1352199
376220,1351880
376173,1351459
376045,1351140
375274,1350089
374413,1348649
375803,1344000
374697,1340706
374636,1340008
375579,1337132
375816,1336821
377527,1341205
378847,1344174
379024,1344894
379473,1345824
379828,1346382
380197,1346923
383520,1349841
384022,1350268
384569,1350647
388140,1352613
389096,1353046
389462,1353135
389926,1353143
391020,1353426
395449,1355465
396737,1356331
397647,1357708
398540,1359083
399142,1360010
399591,1361105
402697,1371044
401194,1374129
400874,1374588
400419,1374588
400123,1374142
398997,1371452
398341,1369829
398183,1369213
398111,1368545
398361,1368015
397794,1363741
396455,1360520
396163,1360043
395394,1359279
394037,1358341
393580,1358028
384102,1354881
383323,1354828
382911,1354864
382211,1355086
376424,1355972
375963,1356252
375569,1356635
375403,1357238
374382,1365778
374214,1366382
373826,1367518
372555,1370849
371841,1372440
371537,1372867
371070,1373177
370517,1373411
369222,1373602
368754,1373912
368481,1376726
368638,1377345
369312,1378194
369990,1379043
370375,1379411
371278,1380042
372277,1380591
374943,1381753
376769,1383014
377611,1383727
378292,1384575
378884,1385473
379551,1387102
379779,1388388
379915,1389754
380056,1397169
381189,1398299
384441,1401255
384904,1401570
386356,1402427
386957,1402572
387574,1402594
388949,1402469
390878,1402105
392718,1401667
395037,1400948
398339,1399702
399428,1399253
410748,1394527
418382,1391517
437012,1385226
442615,1383954
443993,1383811
445989,1383525
447223,1383240
448295,1382808
452769,1380884
455081,1379414
467653,1367484
467966,1367021
468206,1366487
468374,1365883
468454,1365205
468460,1364457
468311,1363815
468245,1363151
468255,1362372
468351,1361696
468503,1361090
469693,1357671
469929,1357168
470257,1356707
471797,1355202
473820,1353409
475135,1352439
475439,1352443
469324,1368335
469100,1368872
468789,1369335
466379,1371580
463553,1376117
462815,1376292
462037,1376405
461712,1376535
461428,1376727
460966,1377177
460593,1377714
453610,1393386
453286,1394596
453119,1395982
453184,1396646
453339,1397259
443109,1405951
427231,1419824
426842,1420182
426145,1421032
425204,1422383
420887,1431091
420479,1432227
419929,1433971
419770,1434576
418706,1440101
418704,1440883
419346,1444905
419556,1445462
425096,1450331
425461,1450883
425735,1451067
426053,1451126
426421,1451040
430343,1450046
438017,1453695
438474,1454000
440742,1455557
441047,1456031
441187,1456641
441691,1459170
441689,1459607
441153,1459386
440330,1458693
440023,1458218
439808,1457693
439727,1456996
439585,1456385
439205,1455996
438747,1455690
432044,1453307
431423,1453136
427588,1453518
426767,1453510
426345,1453551
418210,1455955
417834,1456314
416433,1457980
415176,1459791
414717,1460546
413054,1464243
412730,1465483
410696,1476483
409385,1483634
408271,1487901
407555,1490249
404944,1497608
403987,1499738
403295,1501088
401439,1509545
401177,1511577
401016,1512963
401143,1514325
401595,1516166
402043,1516473
405098,1517269
407215,1526825
413073,1530937
415464,1528890
415243,1528363
415032,1527085
414962,1525764
415283,1525335
415744,1525017
418273,1524519
418742,1524670
417825,1531151
417665,1531756
417340,1532217
416352,1532719
410451,1533329
407997,1533021
407301,1532934
406080,1532592
402644,1531124
401714,1526001
401535,1522457
401140,1521550
397778,1521681
395539,1522487
394471,1522942
385063,1527941
384142,1528539
376153,1536589
374135,1539169
372505,1541361
371434,1540872
369914,1540856
367450,1541430
363516,1542838
361818,1543734
356870,1548037
354874,1549829
353700,1550952
352165,1552464
350294,1554429
338290,1567512
336805,1569308
335792,1570671
335486,1571129
333381,1574406
332833,1575362
331665,1578051
331511,1578656
330397,1589255
330392,1590007
330464,1590707
330758,1591908
331204,1593007
331733,1593992
332341,1594924
332477,1595540
331963,1602710
331721,1603083
321646,1599453
311695,1597760
308806,1594667
308120,1594880
299718,1598533
295017,1601475
292933,1603958
292771,1604562
290759,1605767
283670,1609374
282062,1610040
278377,1610922
276375,1610740
274079,1610574
272324,1610711
263321,1613144
255161,1616512
253386,1617616
252006,1618530
251146,1619210
249599,1620726
248592,1622014
247810,1622770
246967,1623453
245118,1624668
240565,1627146
240022,1627373
238793,1627741
236267,1628245
230324,1631465
219361,1639648
217813,1641157
217114,1641986
215805,1643723
213226,1647707
212293,1649823
210903,1651514
210276,1652418
200097,1669097
199866,1669627
199788,1670308
201726,1676439
204389,1679157
205541,1680326
212405,1685722
217215,1688593
218059,1689299
218357,1689757
218203,1690362
216375,1697311
216001,1697534
215236,1697535
213927,1697289
213393,1697075
203071,1692781
202696,1692372
202528,1691777
202632,1690312
202709,1689630
202864,1689025
203170,1688572
203406,1688012
203577,1687410
203411,1686815
202132,1684267
201606,1684021
198598,1684083
193393,1684118
191850,1684110
190012,1683639
189487,1683392
188559,1682792
187033,1681237
185732,1680224
185207,1679976
184591,1679839
183905,1679910
183823,1680591
184429,1691556
184723,1692017
186040,1692242
187554,1693794
189455,1696327
189767,1696790
189759,1697578
189603,1698183
188196,1701226
187734,1701527
187201,1701310
180484,1696500
178437,1693179
177289,1691275
173896,1684874
170331,1677491
170188,1676896
170117,1676189
170125,1675431
170583,1674343
171737,1673218
168235,1670738
157494,1667978
150299,1665829
150000,1665617
148697,1664464
123870,1667307
123164,1667461
121938,1667834
120870,1668300
119006,1669504
106203,1676692
101347,1678430
90696,1684731
88848,1685928
75934,1697579
71532,1701642
66345,1706436
67728,1707758
68418,1707831
68880,1708144
68947,1708824
68213,1716054
67758,1716346
63975,1718716
63426,1718926
62135,1718862
61584,1718626
59064,1716536
47589,1720320
41108,1722738
40573,1722948
40100,1724030
40176,1725351
40328,1725955
40634,1726431
35450,1732067
33525,1733205
32383,1731285
31919,1730967
27089,1729184
24313,1729028
20159,1729447
16154,1730819
11529,1732408
10988,1732647
10057,1733250
9444,1734174
9447,1747091
9905,1748940
10734,1750421
8791,1753503
4314,1759770
3943,1760140
3472,1760457
2926,1760694
389,1761217
0,1761583
598,1766843
1431,1767527
2061,1767690
2740,1767608
8988,1765713
22245,1758236
22713,1757918
23492,1757153
23711,1756624
23796,1755941
23569,1754620
23111,1753539
22817,1753097
21974,1752383
18605,1749589
16755,1748348
16212,1748140
15764,1747825
15059,1746978
14844,1746424
14617,1744336
14659,1737586
14803,1736979
15122,1736503
19209,1733076
19834,1733237
22967,1735316
23360,1735715
28178,1741258
28483,1741733
28706,1742257
30059,1747660
29440,1750432
29207,1750957
29199,1751720
29803,1753435
31866,1757355
33937,1759905
34387,1760219
34999,1760373
39610,1760853
40382,1760848
41689,1760632
42309,1760469
43312,1759937
44238,1759326
49567,1754595
50093,1755812
53611,1760609
53990,1761001
54441,1761312
54831,1760912
56010,1742324
51518,1733483
50594,1732090
50225,1730934
50150,1730219
50307,1729615
51009,1728005
51242,1727479
51862,1726552
54406,1723719
55343,1723111
56565,1722813
57879,1722597
60486,1723081
61484,1723628
61795,1724071
61943,1724705
63660,1733689
64329,1739001
62983,1744299
62310,1744199
61523,1744203
60996,1744290
60521,1744578
60134,1744979
59825,1745427
59747,1746111
59742,1746873
60267,1748660
60643,1749815
61108,1750891
62023,1752278
62716,1753112
63097,1753504
64170,1754149
74217,1758263
75673,1758194
77368,1757821
78365,1757281
79207,1756585
79531,1756139
79766,1755581
79918,1754976
79992,1754292
79994,1753529
79561,1750464
78942,1749518
78942,1748757
79263,1748311
80029,1747538
82897,1745007
83353,1744714
83884,1744498
84499,1744330
88193,1743732
88339,1744205
88186,1744810
87960,1745338
86413,1747646
85007,1748711
84627,1749082
84780,1749715
85234,1750785
85544,1751256
87139,1753495
87837,1754325
88376,1754554
89067,1754653
89681,1754483
94675,1752603
95207,1752386
95990,1751613
96292,1751162
96390,1750451
96229,1749850
95918,1749380
95688,1748860
94118,1742634
92997,1737633
93229,1737074
94612,1736954
95911,1737168
98744,1738209
99817,1738664
100198,1739053
100508,1739524
100737,1740042
108389,1732816
117747,1722954
118365,1722054
118280,1721342
119194,1711625
119271,1710911
119513,1710385
119811,1709934
127723,1700622
128248,1700402
131321,1699668
134867,1699365
136405,1699391
139160,1699701
140849,1700355
141758,1700963
155647,1713184
155959,1713649
156038,1714328
155876,1714932
155634,1715489
155170,1715787
154553,1715931
153869,1715841
153248,1715700
146755,1712965
145382,1712023
145001,1711639
144150,1710189
143246,1708033
142644,1707102
142102,1707322
139934,1708988
133606,1715692
133286,1716172
129304,1727574
129293,1728331
129448,1728961
129748,1729395
130282,1729650
145149,1733585
145853,1733489
157311,1728839
161075,1727254
162864,1725955
163549,1725126
164802,1723290
165096,1722835
165336,1722278
165648,1721826
167053,1720143
167810,1719389
168274,1719090
169355,1718646
170742,1718507
172264,1718517
173500,1718824
174035,1719043
174795,1719836
174945,1720430
174944,1721061
174633,1721514
174092,1721737
173629,1722036
173390,1723953
173384,1724710
173998,1725636
175056,1726891
175975,1727491
176508,1727740
177963,1727830
182115,1727684
183484,1727538
183948,1727237
184335,1726861
185032,1725276
185426,1724111
185582,1723506
185661,1722825
185602,1722121
185371,1721576
184989,1721196
184520,1720896
183990,1720649
180847,1719957
179780,1719490
179474,1719186
179177,1718724
179185,1717937
179495,1717484
179959,1717184
180481,1716958
188323,1716079
190707,1716797
190681,1717582
190764,1718258
192166,1726002
192612,1727087
193082,1727386
194530,1727186
196149,1726509
196615,1726177
197001,1725800
197618,1724892
197847,1724363
200501,1717645
202784,1711308
209829,1711745
211660,1711982
220335,1710905
220871,1710677
226196,1707567
228746,1705519
229127,1705139
229354,1704609
229369,1703856
229219,1703233
229066,1702642
228833,1702100
227940,1700697
227853,1700022
229410,1697721
229885,1697420
233875,1695319
242253,1692870
242863,1692714
243641,1692710
248607,1693898
250294,1694539
251207,1695153
254411,1697316
254875,1697639
255242,1698011
255860,1698956
255921,1699469
255771,1700105
250226,1712678
244887,1720500
244763,1725640
245446,1725715
246763,1725509
248990,1724690
251533,1723699
256389,1719067
257086,1718230
257627,1717245
258092,1716184
262308,1706107
262394,1705428
262415,1702508
265436,1699416
272663,1694883
273211,1694652
273812,1694522
287629,1692400
291696,1692211
294978,1692783
300195,1692535
302817,1689493
305390,1685908
306009,1685024
306770,1684255
307385,1684248
311755,1685153
313344,1685849
313732,1686217
313956,1686751
314009,1688986
314011,1689582
313546,1689892
312324,1690190
311935,1690574
311780,1691179
312085,1691630
312536,1691944
313225,1692042
316137,1692358
316812,1692296
317356,1692059
317744,1691674
319378,1688423
319765,1687285
319905,1684904
320172,1677497
320636,1675054
325233,1666857
329137,1666804
331281,1666976
331903,1667155
332349,1667468
332736,1667835
333037,1668315
333103,1668982
332794,1669440
332103,1669502
331576,1669273
330879,1669365
328567,1671552
324088,1676070
323852,1676633
323698,1677239
323965,1682894
324002,1683312
327720,1689332
328105,1689729
328643,1688111
329914,1683867
329962,1678045
330271,1677586
336766,1670174
337228,1669861
337776,1669810
338147,1670174
339652,1673638
349176,1670913
349715,1670673
355193,1666235
355576,1665847
355349,1665317
354820,1665090
351665,1665735
350521,1666866
349663,1667533
347349,1669040
345202,1669941
341748,1671071
341284,1670758
341366,1669767
342328,1664729
345869,1663704
347478,1663012
347609,1662935
347954,1662731
349714,1661433
350114,1661049
350415,1660620
350721,1660159
350967,1659628
350804,1659012
350522,1658535
343805,1654497
337016,1651313
335036,1652519
334301,1652700
333324,1653110
332772,1653466
332258,1653865
331563,1654427
330822,1655095
330545,1655734
330499,1656141
328913,1657870
329153,1658405
330042,1659783
330282,1660317
330051,1660850
329417,1661012
328810,1660866
324471,1659068
324009,1658752
323403,1657977
323325,1657277
323344,1656527
323652,1656068
324037,1655683
326115,1653937
326974,1653274
329462,1651094
331254,1650159
332826,1649437
338015,1643303
338720,1641708
339332,1640789
340111,1640050
345576,1637132
346261,1637194
347339,1637685
347786,1637965
349006,1638819
350149,1639976
350686,1640236
353661,1640949
354267,1641093
357651,1640669
358104,1640385
358495,1639936
359193,1638338
359209,1637557
358905,1637110
358377,1637165
357979,1637550
357373,1637688
356987,1637324
356845,1636710
356922,1635999
357166,1635468
358000,1634797
358778,1634807
360001,1635126
367314,1637813
367700,1638177
367989,1639404
368450,1639715
373252,1641810
373952,1641901
376822,1637890
377125,1637429
377288,1636824
377325,1633325
377180,1632712
376954,1632182
375126,1630945
374128,1630377
372523,1629699
371841,1629767
370614,1630045
369536,1630499
369083,1630784
366922,1631689
365767,1632070
363457,1632798
360864,1633363
359703,1633459
359320,1633220
359337,1632439
360200,1630237
360427,1629704
360748,1629246
361124,1628888
362357,1628582
364887,1628385
369814,1625997
370268,1625681
371039,1624937
372048,1623817
372367,1623358
373139,1622582
373986,1621910
374453,1621627
374985,1621383
380597,1619699
382445,1619248
383817,1619424
384415,1619595
384797,1619987
385022,1620517
386211,1623890
386358,1624502
386432,1625951
386658,1626480
387709,1627707
388318,1627941
398880,1628669
399074,1628649
400261,1628527
400804,1628314
401258,1627994
401647,1627636
401961,1627175
402199,1626641
402282,1625963
402213,1625267
401081,1622596
400795,1622124
399864,1622273
399476,1622335
398798,1622251
396818,1621161
396432,1620799
395471,1618179
395098,1617038
404650,1603722
405344,1602964
406273,1602359
407336,1601927
407955,1601910
408646,1601995
410462,1603248
410843,1603639
411831,1604947
413031,1606623
413710,1608081
413780,1608777
413929,1609388
414231,1609861
415057,1610555
418028,1612944
418489,1613249
419086,1613414
419858,1613413
420475,1613268
421538,1612832
427034,1608393
434398,1599704
437504,1594570
437969,1593501
440491,1594822
440874,1595210
442516,1598894
442729,1599418
449086,1592092
453680,1591985
454214,1592233
461147,1594969
461682,1595060
461928,1594525
468764,1583954
474567,1578004
474887,1577539
476435,1575274
476603,1574669
478274,1562410
477917,1560065
477686,1559542
477157,1559297
476551,1559295
474470,1559475
473240,1559778
468327,1561018
469530,1556223
487985,1542063
488528,1541841
489131,1541842
490133,1542383
492468,1544622
493227,1545387
493367,1546618
493672,1547085
494807,1547483
496109,1547712
497408,1547660
498420,1547141
498719,1546673
498883,1546067
498651,1539375
503359,1536775
511116,1534415
512491,1534896
512553,1535431
513063,1537194
513532,1537365
516047,1536992
517129,1536726
517443,1536259
519929,1526634
526220,1512245
526455,1511708
527226,1510973
527686,1510675
528911,1510389
530218,1510608
530668,1510932
535506,1516000
539213,1519929
539665,1520252
540280,1520092
544431,1518580
545278,1517881
545585,1517443
545681,1516766
545611,1516076
548615,1508358
559153,1503684
559610,1503383
560389,1502643
560692,1502204
562240,1495221
563367,1489599
563460,1488924
563689,1488385
564162,1488085
564693,1487852
567829,1487662
571655,1488026
572339,1488117
576007,1489396
578342,1491615
581271,1489968
587024,1488770
587404,1489143
589446,1490182
590762,1490414
591216,1490110
591533,1489670
595965,1482947
599643,1477464
602419,1480760
602730,1481219
602950,1481765
603099,1482367
606149,1482265
611389,1480187
611836,1479911
612230,1479506
619994,1464261
620228,1463751
620096,1463119
618012,1460174
617155,1459203
616463,1459274
615848,1459413
615533,1459887
614827,1461446
614439,1461821
609977,1464519
606835,1465143
606451,1464616
605791,1463012
605789,1462421
606105,1461949
608121,1459996
615068,1455534
615590,1455326
616895,1455115
618382,1455439
619015,1455729
620415,1456065
623627,1455654
624241,1455513
627092,1453799
627554,1453492
627715,1452883
627585,1451539
627352,1451149
625759,1450441
623867,1448500
622264,1442108
622422,1441500
622824,1441126
624511,1440538
628560,1440962
630550,1441295
631162,1441153
632702,1439651
633183,1438599
633341,1437991
634795,1431794
634732,1430425
643181,1428699
647230,1428236
647855,1428094
652378,1426572
662283,1418329
673634,1404078
674179,1403088
674346,1402479
674207,1401881
670542,1394887
665810,1388998
665436,1388602
662467,1386514
661871,1386350
661402,1386660
660631,1387384
660087,1387627
659469,1387772
658701,1387751
657559,1387364
656130,1386492
655295,1385814
654159,1384650
653853,1384195
653345,1383198
652000,1379972
651712,1379517
650274,1377897
649278,1377517
637736,1377127
632316,1375611
631025,1375359
629943,1375712
629414,1375952
628566,1376602
627790,1377352
626533,1379150
626153,1379525
624979,1380648
623989,1381038
623290,1380953
622766,1380696
622394,1380325
621948,1379266
619254,1369244
618950,1368039
618967,1367419
627585,1351904
628834,1350105
629227,1349731
631547,1348230
635713,1345561
635870,1344517
631724,1345667
631033,1345583
629898,1345094
629215,1344265
628551,1343407
627572,1342091
627722,1341792
629487,1342361
630779,1342458
631391,1342319
639309,1340207
647676,1337833
650601,1336955
651064,1336677
652324,1334034
652552,1333491
652490,1332804
652195,1331604
650261,1327464
658800,1324615
659413,1324626
660022,1324482
660481,1324203
667521,1314035
668370,1312603
670047,1307408
670213,1306799
670148,1306112
670002,1305482
669784,1304971
671518,1301486
675450,1305062
675817,1305427
676116,1305882
676648,1306877
676633,1307341
674010,1308661
671877,1313424
671475,1315009
674580,1317042
676044,1316982
681571,1315782
682799,1315486
685577,1313706
692220,1309396
692458,1308853
695244,1300182
695500,1299050
695448,1297000
695383,1296283
695082,1295831
692555,1295277
684140,1295287
683374,1295300
682773,1295449
681845,1296041
681447,1296388
680917,1296603
680306,1296627
680005,1296452
679625,1296055
679715,1295378
682679,1291473
683590,1290879
693940,1289375
694630,1289292
696008,1289467
696622,1289628
697071,1289934
698664,1290648
699205,1290742
702641,1291159
703331,1291106
705325,1290816
705868,1290600
711330,1287651
711797,1287367
712191,1286985
712496,1286537
718232,1276218
719796,1273357
720043,1272813
720601,1271076
720756,1270464
720685,1269778
720547,1269182
719727,1267713
715062,1261880
711147,1256983
710783,1256590
709862,1255949
708649,1255570
707960,1255469
706906,1255006
705540,1254090
703943,1252603
702446,1251057
702149,1250606
701918,1250065
701937,1248702
702095,1248091
702268,1246737
702201,1246051
701986,1245511
701607,1245147
700462,1244739
698644,1244258
697955,1244155
695953,1244437
695417,1244653
694033,1245624
693475,1246458
693020,1246834
692488,1246739
692412,1246207
692499,1245530
692660,1244919
692891,1244406
693285,1244027
693749,1243745
694822,1243284
697128,1242555
698360,1242288
700505,1242447
701879,1242621
703550,1242968
705070,1244352
708445,1248055
713304,1250686
718640,1252591
723266,1250234
730045,1246557
730508,1246241
730896,1245888
731211,1245440
731528,1244960
735664,1238443
738262,1233676
737802,1233375
737060,1232594
736526,1231607
736307,1231069
736016,1229847
735958,1229162
735973,1227644
736148,1226290
736466,1225096
737189,1223490
742396,1217578
742780,1217194
743707,1216619
745854,1215729
746325,1215441
749647,1212530
752474,1207641
752639,1207029
753587,1205213
759923,1200074
763790,1198010
764870,1197561
766145,1198574
767881,1199886
768795,1200512
770169,1200692
770928,1200692
771469,1200467
771790,1200015
771952,1199402
771888,1198718
771745,1198123
770846,1195980
768755,1192674
768094,1191098
767718,1189937
767140,1187496
767156,1186754
767334,1185367
767494,1184785
767962,1183720
770935,1179755
779767,1172053
782846,1169816
784710,1168647
785779,1168190
787005,1167926
787777,1167831
794909,1166658
800424,1165666
801043,1165531
801577,1165301
802511,1164712
803271,1163963
804213,1162631
807455,1155302
807849,1154168
808642,1152676
810584,1150784
811970,1149897
815516,1147678
815970,1148001
816577,1148173
817883,1147932
818972,1147497
825669,1144333
826594,1143738
827049,1143440
832385,1139207
836517,1138870
836667,1139492
837179,1140495
838376,1142316
839135,1143107
840275,1143504
841565,1143749
844469,1143932
846693,1143885
847921,1143598
848460,1143393
850912,1143037
857186,1143117
858554,1143295
860306,1143849
862056,1144403
865243,1142978
866165,1142991
866532,1142904
866856,1142778
867406,1142433
867641,1142195
868207,1141386
868301,1141035
868700,1138663
868750,1138256
870445,1135580
870696,1133541
870867,1132924
871096,1132401
872273,1129755
872520,1129232
878104,1123387
878882,1122653
882441,1119347
883364,1118769
885444,1117797
885995,1117585
887210,1117317
896716,1115465
897336,1115406
905804,1116494
906337,1116743
906631,1117209
906394,1117734
906006,1118104
905547,1118382
893617,1123924
891549,1124870
890998,1125083
886553,1126688
881767,1129211
877030,1134546
875629,1136170
866100,1147657
862456,1153291
862224,1153814
862288,1154496
862671,1154903
868725,1159539
873497,1162416
873943,1162731
874698,1163482
874932,1164042
875830,1165414
876571,1166165
880663,1169489
881945,1170491
882392,1170804
886264,1173068
897857,1176879
908209,1177919
909668,1177860
910811,1178265
911713,1178885
913985,1181207
914738,1181982
916681,1184581
917285,1185508
917722,1186560
918084,1187705
918161,1188385
918070,1189066
917603,1189376
917226,1189438
916924,1188974
916712,1188448
916108,1187519
914620,1186683
913078,1185971
911479,1185258
910334,1184854
907215,1184136
899806,1182259
896375,1181444
889164,1178877
879955,1175639
878048,1175217
875453,1174724
874309,1174803
873460,1175474
873154,1175903
871981,1177034
870599,1177914
862897,1181612
856958,1180002
853991,1179146
853004,1178727
850742,1176427
850065,1175579
849466,1174671
848945,1173670
848052,1171548
847790,1168789
847561,1168258
847192,1167880
846734,1167560
845524,1167259
843993,1167228
843450,1167309
841830,1167956
829193,1175066
818737,1184390
808356,1193811
807893,1194106
805903,1194386
802991,1194481
797481,1195014
796869,1195149
796316,1195378
788617,1199819
788225,1200176
787920,1200630
787674,1201178
787662,1201920
787728,1202603
787874,1203228
789201,1206434
789651,1207503
789954,1207947
791318,1214187
791741,1216029
791967,1216562
792271,1217038
792940,1217927
793323,1218312
794510,1220148
794804,1221396
794794,1222139
794616,1224269
794531,1224948
793844,1230405
793576,1232439
792812,1237831
792653,1238445
786537,1254425
785423,1257142
784880,1258113
783628,1259926
781532,1262419
780437,1263617
776947,1266955
772451,1271674
771440,1272965
770817,1273870
768157,1278069
767441,1279649
758152,1304041
757986,1304654
757969,1306171
758098,1307539
758472,1308670
758991,1309683
759887,1311053
760557,1311885
763198,1314597
764488,1315610
765782,1316529
766224,1316825
771633,1319113
774579,1320199
780077,1322185
780391,1321763
780629,1321215
780928,1320761
782096,1319658
782951,1318977
796068,1310042
801167,1306798
804027,1305089
804566,1304858
805178,1304721
806464,1304976
807004,1305209
807762,1306035
807819,1306719
807585,1307269
794623,1326649
791381,1328275
787375,1330184
786308,1330642
782603,1332245
782152,1332539
781839,1332992
781520,1333539
781194,1334734
781105,1335412
781095,1336185
781247,1336779
780739,1340353
778916,1339854
772966,1338857
770362,1338540
768902,1338422
767752,1338810
758752,1343461
757358,1344332
755188,1345975
750083,1356532
749915,1357144
749837,1357821
749818,1358595
749948,1359963
750394,1361036
754215,1366931
762772,1373665
764066,1373903
770730,1373450
772102,1373316
772634,1373119
773107,1372797
773179,1372119
772894,1371675
773904,1369731
778086,1366511
781559,1363879
782089,1363681
782789,1363613
783319,1363848
785287,1365681
790369,1368269
795471,1369548
796764,1369805
798151,1369662
799226,1369231
799620,1368841
800233,1367962
800394,1367348
800337,1366666
800181,1366073
799812,1365659
795501,1361594
797732,1360642
803323,1360039
803708,1360422
805971,1362716
808436,1366780
810955,1366294
811891,1365701
812518,1364789
812601,1364110
812034,1361062
811893,1360439
813159,1356977
820202,1351097
821127,1349656
822001,1346738
824532,1347047
828613,1345885
828998,1345524
830021,1340008
829886,1339689
828824,1336112
827626,1334258
828336,1332078
832682,1328031
833991,1327069
834605,1326928
835213,1327096
835598,1327476
835504,1328154
835352,1328739
835104,1329291
834564,1330269
832683,1332951
832675,1335723
832628,1336130
832619,1336502
832707,1336856
832841,1337193
834782,1342032
835151,1342411
835761,1342579
836225,1342279
843076,1328496
844485,1325305
846474,1320423
847420,1318305
847970,1317326
849221,1315522
850387,1314306
850999,1314162
851445,1314479
851371,1315158
851204,1315774
846843,1326711
842828,1334771
841630,1338926
841278,1341517
841347,1342045
841879,1342272
843264,1342299
843802,1342093
846267,1340747
848733,1339275
849196,1338974
862551,1324587
865505,1320667
865824,1320238
867079,1317657
868028,1315565
868192,1314949
867964,1314420
864945,1311348
861934,1308954
861550,1308546
861245,1308108
861114,1307488
861125,1306744
861350,1306191
861668,1305762
862203,1305523
862887,1305625
867827,1308200
868276,1308484
869776,1310791
874191,1317930
874325,1318518
874554,1319077
875075,1320042
875753,1320886
876655,1321514
877343,1321614
877818,1321310
877826,1320536
877813,1315617
877686,1314255
876769,1307779
877162,1301565
878177,1289356
878278,1288676
878515,1288152
878815,1287691
879283,1287417
879888,1287423
880427,1287645
880874,1287959
881180,1288425
881699,1289421
883035,1292619
883469,1294449
883672,1296182
883665,1296956
883483,1298316
882516,1301958
882270,1303224
882187,1303904
882258,1304585
882470,1305143
886731,1312388
888155,1314008
888528,1314413
888915,1314787
889446,1315007
890133,1314950
890215,1314425
890380,1313220
890320,1312693
888743,1310608
886417,1306848
884481,1303491
884486,1302872
888056,1294270
888292,1293746
889611,1291961
890001,1291562
890999,1291073
895308,1278757
895176,1277395
895200,1275879
895540,1273128
896187,1270719
896498,1270256
898723,1270237
899170,1270548
899476,1270982
903200,1282969
903157,1286466
903306,1296922
903383,1297603
903675,1298068
904281,1298225
904748,1297948
905061,1297484
906548,1294550
906797,1294025
907944,1288737
908431,1285986
908448,1285243
908311,1283881
908544,1283356
911276,1279215
911664,1278844
913678,1277795
915364,1277208
916739,1277394
917575,1278073
917482,1278754
917251,1279280
916168,1280487
915533,1281384
915223,1281848
913424,1284631
913191,1285157
913098,1285838
913408,1286303
913857,1286612
915748,1287757
918571,1288189
925678,1289044
932500,1287690
933181,1287625
933867,1287715
938601,1288556
939131,1288769
950744,1289329
951206,1289015
951528,1288578
953103,1284789
954444,1276484
954854,1269952
954940,1269270
955165,1268742
956814,1265723
957525,1264446
959045,1265233
959495,1265537
959408,1266064
958943,1267122
958781,1267742
958774,1268485
958905,1269102
959219,1269563
960045,1270264
960801,1270255
961419,1270124
963505,1269170
964882,1268255
965738,1267593
966134,1267216
966754,1266311
967373,1265343
968170,1263847
969588,1260670
969670,1259988
969599,1259309
969467,1258693
968945,1257710
968569,1257313
968103,1257010
963938,1254901
962068,1255989
961607,1255994
961249,1256073
960642,1256396
960130,1256792
959665,1257244
958540,1258909
956437,1260870
952259,1263543
951644,1263672
950966,1263586
950821,1262999
950985,1262380
951210,1261852
954752,1255752
957822,1253985
961752,1249848
961942,1249567
965607,1244297
966954,1240906
968530,1238502
972113,1238633
972661,1238408
974039,1237521
974964,1236918
977289,1235115
977603,1234677
977839,1234147
978170,1232934
978174,1232192
978099,1231482
976803,1226149
969990,1216418
969605,1216052
969227,1216119
966976,1218442
964185,1221420
961665,1225814
961582,1226496
960243,1229422
958877,1228633
956003,1226871
950398,1223154
949712,1223068
949089,1223197
947238,1224390
944374,1226547
942829,1228106
937627,1233648
937015,1233497
936722,1233034
936643,1232509
936972,1231300
937439,1230247
939012,1228009
941102,1225520
946532,1220280
947697,1219156
948151,1218874
948696,1218653
950535,1218202
950918,1218601
951136,1219125
951128,1219898
951196,1220579
952561,1221493
955737,1223533
956273,1223743
956803,1223521
957120,1223084
962823,1215032
963449,1214128
963531,1213446
960463,1204938
960368,1200594
961604,1198092
961538,1197721
952599,1196678
950002,1197583
947239,1198276
946921,1198408
943053,1200971
942754,1201406
942516,1201934
942504,1202553
942571,1203233
942484,1203914
942322,1204503
941845,1205559
938602,1208395
937754,1208927
935992,1208690
936005,1208071
937587,1203854
938768,1201217
939714,1199849
941731,1198040
942573,1197385
944883,1196347
945580,1196137
948337,1195575
948880,1195353
949270,1194978
949568,1194511
949666,1193768
949359,1193306
948829,1193064
943163,1193451
942018,1193800
941009,1194333
939700,1195301
938704,1195803
937466,1196088
936860,1196092
936256,1195941
935949,1195478
936341,1195105
941049,1191455
941514,1191142
948497,1189818
949795,1189899
950857,1190353
951873,1191333
952407,1192163
953424,1193143
953956,1193353
954635,1193316
955100,1193001
955489,1192626
955802,1192189
957292,1189079
957543,1188549
964064,1170582
964453,1169463
964624,1168842
964783,1165696
964795,1165231
964477,1165087
962778,1164194
960463,1164905
959539,1165504
959079,1165819
956749,1168043
956053,1168886
955820,1169415
955509,1169852
954487,1171131
953404,1172350
952242,1173476
951088,1173828
950321,1173804
949867,1173499
949487,1173132
949346,1172514
951744,1165869
952441,1165027
953366,1164460
958372,1162021
958910,1161798
960136,1161505
963353,1161247
966001,1162937
967019,1165541
967150,1165873
969501,1169607
970031,1169846
971425,1167573
972125,1166893
972688,1166086
973012,1165505
973300,1164869
973540,1164178
973634,1163823
973839,1162632
974034,1161904
975378,1159147
975930,1158147
986094,1142362
987038,1141013
987416,1140634
987875,1140470
988186,1140401
988713,1140638
988860,1141254
986354,1150869
977628,1163670
970926,1177291
971145,1177813
976006,1181036
978501,1183830
979782,1188655
981291,1190175
981823,1190412
985557,1191302
987578,1189498
991963,1187674
995470,1183079
995158,1182622
994494,1175704
996218,1156229
996549,1155014
997325,1154254
997782,1153965
998468,1153918
999158,1153995
999613,1154293
999835,1154845
999901,1160755
999203,1167425
998506,1173633
998704,1179751
998881,1180062
999376,1181846
1008221,1183423
1014024,1178872
1014342,1178399
1014493,1177808
1014516,1177033
1014226,1175833
1016485,1172148
1022414,1169251
1023041,1169108
1025092,1169355
1028524,1169961
1029057,1170191
1029124,1170870
1029041,1171554
1028561,1172591
1028261,1173065
1027944,1173509
1026929,1174779
1026232,1175606
1026527,1175906
1029274,1177027
1029965,1176943
1030499,1176709
1031429,1176122
1034142,1173525
1034523,1173141
1035538,1172023
1035470,1171313
1035790,1170125
1036264,1169056
1039154,1165241
1048374,1156021
1049156,1155279
1049622,1154952
1050231,1154836
1058873,1154094
1064921,1154402
1065369,1154723
1066497,1155883
1068383,1158249
1068530,1158863
1068220,1159310
1067595,1159461
1065454,1159582
1064003,1159644
1058412,1159781
1048930,1160428
1048382,1160635
1047460,1161226
1047067,1161613
1046754,1162058
1041069,1174898
1041226,1175511
1042546,1178716
1042775,1179234
1044560,1182762
1045152,1183670
1045528,1184059
1052875,1189390
1054023,1189779
1054708,1189876
1055400,1189818
1056772,1189671
1058002,1189375
1059167,1188276
1060408,1187204
1061258,1186550
1061709,1186841
1061704,1187461
1061358,1189736
1062982,1189081
1065371,1187650
1066221,1186995
1067472,1185176
1068175,1183598
1068347,1183002
1069047,1181330
1069359,1180883
1069821,1180739
1070287,1181059
1074293,1183920
1074672,1184305
1075726,1185529
1075868,1185988
1068933,1189977
1059621,1194329
1058086,1194545
1057474,1194383
1056789,1194317
1055414,1194433
1054246,1194788
1050180,1196181
1045563,1197961
1045492,1198490
1045707,1199008
1047708,1203147
1048013,1203601
1048393,1203990
1048844,1204283
1056491,1204084
1058414,1203575
1060106,1203012
1073172,1197675
1073731,1197315
1074192,1196867
1075179,1195560
1075508,1194969
1079523,1192544
1079692,1191948
1080160,1190904
1080622,1190759
1081075,1191048
1081297,1191595
1082375,1196224
1082223,1196851
1081829,1197209
1077615,1200278
1075951,1201355
1075157,1201930
1074645,1202325
1069307,1206937
1069223,1207436
1069355,1208049
1069811,1209114
1070868,1209595
1071556,1209690
1072317,1209688
1083739,1208863
1089609,1204060
1091228,1208878
1090813,1209528
1090753,1210079
1091515,1210104
1092749,1209796
1093286,1209583
1099063,1207000
1100447,1206124
1100838,1205732
1101848,1204378
1102240,1204017
1102696,1203715
1103311,1203558
1103930,1203743
1104371,1204030
1104525,1204641
1104359,1205271
1104128,1205778
1098374,1216859
1097137,1218688
1096749,1219141
1092154,1224450
1097637,1226813
1099402,1226291
1100086,1226225
1102383,1226262
1103592,1226572
1109753,1229316
1112028,1230867
1112864,1231566
1113164,1232015
1113146,1233380
1113287,1233991
1113660,1234375
1114122,1234690
1119274,1237940
1119811,1238188
1121027,1238492
1124086,1238535
1124708,1238407
1126311,1237725
1126772,1237450
1127164,1237055
1127869,1236239
1134099,1228738
1134409,1228286
1134879,1227203
1141162,1215899
1146261,1207233
1151472,1200255
1153803,1197991
1154656,1197314
1155125,1197035
1156205,1196590
1158964,1195566
1159301,1198522
1159226,1199210
1159054,1199812
1158817,1200355
1151857,1205877
1148306,1218425
1144799,1234096
1144144,1242760
1144741,1243684
1145119,1244064
1146114,1244466
1147365,1242805
1147970,1242643
1149963,1242515
1152177,1242464
1156907,1244358
1157431,1244603
1159904,1248192
1160199,1248669
1160418,1249181
1161096,1250782
1161159,1251490
1160955,1251884
1160908,1252044
1161902,1252867
1162809,1253490
1165014,1254333
1171886,1255348
1172575,1255269
1175493,1254566
1176118,1254397
1176272,1253952
1175977,1253508
1175593,1253100
1175751,1252500
1176224,1252217
1177454,1251912
1178212,1251920
1182721,1252525
1188749,1259749
1196144,1265900
1196974,1266613
1197734,1267392
1197959,1267903
1197872,1268593
1197631,1269109
1198247,1269807
1199819,1271269
1200652,1271982
1201643,1272526
1202707,1273003
1204001,1273243
1205315,1273110
1206226,1272820
1207158,1272219
1207938,1271473
1209636,1270126
1210566,1269524
1212651,1268549
1216339,1267255
1230547,1263921
1235622,1262923
1238227,1262508
1241056,1262321
1241820,1262346
1243051,1262206
1244283,1261910
1246044,1261409
1250736,1260019
1252892,1259137
1257743,1257132
1259442,1256538
1262831,1255378
1265745,1254509
1268584,1254299
1272101,1254674
1278821,1255664
1300538,1258680
1310486,1259400
1313239,1259758
1315068,1260213
1316206,1260619
1317726,1261388
1318723,1261934
1324639,1265958
1325323,1266070
1326004,1265994
1330088,1264756
1331717,1264072
1341378,1257659
1342687,1256696
1343475,1255948
1343780,1255476
1343790,1254881
1343352,1253809
1341455,1251876
1341015,1251585
1340386,1251407
1339334,1250936
1338949,1250575
1338661,1250109
1338427,1249574
1337541,1247430
1337323,1246893
1337176,1246286
1337181,1245661
1337504,1245218
1340424,1243568
1341671,1243298
1342350,1243375
1348388,1249533
1348693,1249996
1350449,1255720
1350883,1257542
1351018,1258932
1351077,1260361
1351060,1261144
1350967,1262591
1350868,1264008
1350706,1264621
1350313,1265010
1346592,1268008
1344363,1268799
1345982,1273386
1355671,1276021
1365585,1279199
1367339,1279766
1372136,1281864
1375180,1283269
1375715,1283515
1377709,1283829
1390718,1285059
1399682,1285338
1402664,1285291
1403984,1285086
1407825,1284358
1410598,1283332
1411680,1282905
1412144,1282592
1412932,1281860
1416427,1278476
1419446,1276155
1424018,1273086
1428190,1270377
1435140,1262790
1439329,1253918
1443520,1245226
1445182,1242288
1445874,1241434
1447794,1241248
1453822,1244443
1454275,1244753
1455019,1245522
1455626,1246437
1456067,1247501
1456592,1248490
1456899,1248978
1457658,1249745
1462647,1254685
1466698,1256401
1466972,1256586
1467296,1256725
1468166,1256783
1468954,1256664
1471216,1256454
1476122,1256826
1479398,1257989
1485256,1261202
1484871,1261576
1484187,1261650
1482796,1261771
1481409,1261607
1480883,1261374
1480426,1261067
1479529,1259666
1478762,1258904
1478236,1258670
1476326,1258272
1475552,1258264
1470702,1259664
1470337,1259756
1468578,1260286
1466719,1261168
1464658,1264543
1464288,1264862
1464144,1265166
1464135,1265619
1464565,1270791
1464742,1271538
1465595,1272861
1466829,1277731
1469947,1285082
1468949,1289500
1468783,1290090
1468408,1290460
1467939,1290624
1467258,1290537
1466712,1290303
1464905,1289065
1464515,1288684
1463830,1287811
1463624,1287277
1463699,1286607
1464313,1286454
1464773,1286762
1463391,1274833
1460600,1257784
1457449,1253322
1452310,1247302
1450947,1246372
1450408,1246137
1449727,1246206
1449338,1246450
1448954,1246821
1443811,1256725
1443573,1257261
1443564,1257858
1443631,1258539
1444220,1260994
1444876,1262593
1447324,1268512
1447628,1268970
1450785,1273406
1451535,1274207
1451818,1280973
1449485,1288335
1447501,1292352
1442680,1296926
1444598,1302360
1456650,1307525
1461197,1307993
1467191,1310038
1468022,1310354
1468099,1310876
1467858,1311414
1467000,1312106
1465620,1312843
1465533,1313063
1465306,1312832
1465029,1312647
1463284,1312074
1461500,1311563
1461223,1311642
1461768,1312014
1463688,1312862
1467958,1314475
1470333,1314501
1470425,1313828
1470666,1313290
1471749,1312062
1472536,1311317
1473231,1311245
1473835,1311438
1478452,1315833
1478276,1317649
1476971,1317404
1476353,1317560
1476044,1317857
1476508,1318165
1478638,1319102
1483521,1320376
1488358,1320992
1489579,1321308
1491259,1321773
1501167,1326497
1503210,1327500
1509996,1330428
1511404,1329513
1516824,1326544
1519981,1325283
1520529,1325070
1521219,1325147
1521587,1325529
1521823,1326088
1521736,1326763
1519390,1333591
1516162,1333540
1513711,1333677
1513257,1333970
1513082,1334407
1513471,1334817
1513992,1335048
1515223,1335356
1516596,1335547
1517373,1335549
1518682,1335340
1520763,1334378
1521461,1334297
1525519,1334272
1526217,1334380
1537946,1340779
1539303,1341720
1548479,1348611
1549399,1349245
1550319,1349879
1553652,1352347
1554939,1353895
1555229,1354350
1556662,1356757
1557321,1358348
1557682,1359517
1557834,1360122
1557815,1360882
1557733,1361557
1557398,1362781
1557548,1363386
1557844,1363871
1558989,1365034
1561178,1366651
1561644,1366982
1562549,1367585
1564073,1368368
1567867,1370719
1568327,1371019
1569688,1371953
1573034,1374439
1573793,1375224
1574760,1376541
1574983,1377070
1579209,1377067
1584737,1372633
1585370,1372491
1586949,1373256
1588335,1374213
1588544,1374745
1588453,1375266
1588077,1375647
1583569,1378961
1581530,1380767
1581267,1382959
1585153,1385219
1594427,1390572
1602420,1394875
1609975,1398106
1615346,1399634
1615731,1399280
1616190,1398975
1617745,1398220
1618971,1397933
1619755,1397948
1621828,1398203
1627038,1398892
1627496,1399219
1628623,1400372
1629297,1401228
1629531,1401597
1629746,1402127
1639245,1412996
1640006,1413772
1640993,1414316
1642064,1414781
1642665,1414953
1644608,1414431
1645156,1414234
1645616,1413925
1646011,1413535
1646328,1413095
1646883,1411343
1647225,1410137
1647307,1409426
1647183,1408056
1646880,1407606
1644232,1404874
1643861,1404500
1643399,1404175
1642260,1403787
1641800,1403461
1641412,1403091
1640446,1401752
1640144,1401302
1640311,1400859
1644016,1399213
1646845,1400263
1647760,1400881
1649649,1402837
1650174,1403054
1656952,1403156
1657491,1402927
1657890,1402565
1657975,1401883
1657578,1398503
1657429,1397898
1655759,1397419
1655578,1397149
1655352,1396907
1655129,1396684
1654852,1396489
1653577,1395840
1651917,1395624
1651457,1395616
1651224,1395756
1651123,1396118
1651110,1396576
1649758,1397176
1650417,1398794
1650479,1399479
1650229,1400002
1649630,1399830
1646963,1398339
1646508,1398045
1645592,1396635
1648627,1390958
1659595,1392789
1661859,1395110
1662050,1397484
1661958,1398040
1662021,1399487
1662238,1400016
1662617,1400419
1663923,1400357
1672241,1395660
1673176,1395064
1673483,1394591
1673731,1394067
1674450,1392464
1674681,1391943
1675333,1389497
1675346,1389051
1673493,1384813
1669574,1375965
1666038,1370630
1661354,1365993
1660893,1365671
1656788,1362853
1656334,1362561
1654811,1361778
1654192,1361739
1652527,1364408
1650250,1367351
1645964,1371056
1644953,1371566
1644258,1371477
1642432,1370239
1641975,1369914
1642220,1369551
1644054,1369708
1645063,1369199
1645452,1368808
1645766,1368369
1650508,1361562
1651060,1360569
1651143,1359887
1650919,1359328
1648272,1356636
1647814,1356311
1641651,1354354
1641286,1354252
1641054,1354486
1640298,1355296
1635339,1353177
1631382,1349901
1631011,1349591
1630796,1349062
1630881,1348380
1631187,1347910
1631736,1347681
1632344,1347850
1634411,1348885
1635318,1349506
1635616,1349955
1635766,1350561
1635986,1351121
1636585,1352022
1636958,1352426
1637408,1352721
1637951,1352808
1639066,1351405
1639301,1351189
1639732,1350232
1639787,1349898
1639556,1349676
1639150,1349354
1639105,1348248
1636737,1346765
1635372,1345979
1634383,1345438
1633841,1345350
1624565,1343929
1614269,1343467
1610135,1344152
1609533,1344471
1609432,1344831
1607695,1346382
1606969,1347969
1604195,1352899
1603800,1353255
1603200,1353111
1603131,1352554
1603318,1350593
1603408,1349912
1606045,1343615
1606521,1342549
1606829,1342081
1607354,1340068
1607918,1339718
1608566,1339448
1608290,1333179
1603735,1329426
1602979,1328678
1602302,1327822
1601772,1326970
1601712,1326285
1601880,1325685
1602185,1325219
1602650,1324912
1603797,1325304
1613371,1331705
1613758,1332109
1621228,1336164
1626565,1338521
1626888,1333107
1627228,1331429
1632359,1337015
1640304,1345135
1640777,1345456
1654973,1351216
1655599,1351379
1656360,1351390
1659219,1350419
1659543,1349975
1660963,1347539
1661043,1346857
1661355,1341908
1661383,1340380
1661268,1338212
1661130,1336843
1658963,1330331
1655074,1321246
1653774,1320550
1653489,1320097
1653643,1319464
1654193,1319261
1655329,1319641
1657622,1321220
1658946,1324012
1660856,1328206
1663345,1333833
1668489,1333003
1669491,1331697
1670195,1330928
1675031,1329310
1676339,1329110
1677111,1329113
1678345,1329436
1678869,1329679
1679330,1329999
1679701,1330369
1680011,1330847
1679853,1331450
1674732,1333215
1669738,1336000
1663900,1341628
1663658,1342152
1663726,1342837
1675094,1358364
1678407,1362689
1679630,1363652
1682901,1369636
1683200,1370879
1684149,1377934
1683771,1378295
1682031,1380421
1681903,1388228
1682277,1388599
1682901,1388475
1690883,1385002
1698732,1380581
1703155,1373761
1703180,1373151
1703571,1372784
1704872,1372867
1705404,1373107
1705869,1373426
1706163,1373874
1711030,1381843
1711465,1382899
1712041,1385357
1712416,1386521
1712858,1387607
1715568,1391788
1717587,1394489
1718734,1395652
1719791,1396133
1722005,1397009
1722624,1397167
1729457,1398570
1730063,1398570
1733299,1394859
1733721,1387821
1733742,1387052
1733663,1386368
1733456,1385072
1732884,1382613
1732814,1382436
1730216,1376676
1728210,1372577
1721835,1362165
1721240,1361239
1720563,1360395
1719879,1359679
1718520,1353307
1718868,1350557
1717434,1348948
1712987,1343578
1712760,1343052
1712616,1342446
1706043,1330034
1704848,1328183
1699143,1318772
1698919,1318246
1696667,1307886
1696544,1306728
1696410,1306412
1696232,1306124
1695683,1305761
1694719,1305332
1692642,1301410
1691500,1300247
1684698,1292492
1684085,1291570
1683877,1291040
1684045,1290432
1687495,1290864
1688719,1291182
1691931,1292582
1692389,1292901
1693529,1294064
1694049,1295069
1694795,1296601
1694938,1297207
1696200,1299000
1696189,1299461
1696287,1299841
1696412,1300159
1696775,1300713
1697002,1300952
1697825,1301506
1701066,1304106
1701008,1302972
1700571,1301121
1696841,1293721
1696014,1292271
1695413,1291346
1694658,1290548
1690099,1286534
1687823,1284208
1687329,1282147
1689286,1274608
1689169,1273354
1689438,1264103
1689619,1262728
1689929,1262280
1690471,1262230
1690855,1262594
1691150,1263074
1691598,1264126
1691892,1265370
1692197,1269503
1692176,1270883
1692125,1271294
1692105,1272216
1692104,1272675
1692120,1274371
1692166,1274782
1692488,1277618
1693215,1283974
1693671,1285056
1693960,1285504
1694642,1286349
1697302,1289071
1699130,1290309
1699879,1291076
1704079,1298344
1715390,1323189
1715768,1324193
1715833,1324880
1715815,1325649
1715727,1326336
1715392,1327554
1715470,1328239
1715615,1328846
1716209,1329771
1722475,1337299
1722858,1337696
1724230,1338615
1724761,1338851
1725141,1338770
1724882,1336785
1724439,1335095
1724397,1333350
1724811,1330965
1727156,1329315
1727617,1329311
1729324,1332931
1729560,1333486
1732089,1342925
1730012,1348186
1731462,1349055
1732380,1349687
1745882,1365723
1746030,1366329
1746681,1368710
1748204,1374028
1748517,1374471
1748972,1374787
1749494,1375024
1750121,1375208
1756108,1375817
1759982,1375414
1761848,1374204
1762625,1374224
1763689,1374405
1764834,1374791
1765289,1375106
1772610,1380128
1782294,1386627
1782820,1386861
1783976,1387272
1786212,1387377
1786909,1387316
1788070,1386925
1788388,1386469
1788623,1385935
1790161,1382066
1790256,1381371
1790185,1380683
1789563,1364061
1790747,1352151
1790976,1351617
1791627,1350731
1793413,1349455
1795680,1347874
1796914,1347556
1802169,1346719
1801782,1347578
1801463,1348005
1800683,1348763
1800130,1348988
1799441,1349052
1797287,1348879
1796047,1349166
1795026,1349690
1794643,1350067
1794000,1350985
1793446,1352587
1791404,1363146
1791905,1364774
1793689,1369221
1792597,1379494
1792170,1385931
1792153,1386671
1792226,1387359
1792371,1387998
1795381,1396406
1796053,1398015
1796948,1399412
1800200,1402289
1803015,1404720
1807217,1407474
1807747,1407706
1809005,1405981
1809280,1405803
1811304,1404124
1811771,1403670
1811910,1403349
1812009,1402980
1811791,1402608
1811335,1402136
1811920,1398795
1812788,1389073
1813106,1388613
1813961,1387837
1815770,1386582
1816697,1385981
1817312,1385997
1817455,1386605
1816994,1390883
1816831,1391498
1815103,1400084
1813458,1406774
1813455,1407159
1813640,1407425
1815936,1415209
1824329,1425160
1824703,1425521
1825311,1425700
1826857,1425726
1827474,1425582
1827951,1425278
1828422,1424206
1828587,1423590
1828766,1422233
1828650,1420849
1828507,1420240
1828066,1419157
1826259,1416338
1826033,1415814
1826057,1415038
1828008,1410802
1829096,1409192
1830169,1408747
1831485,1408533
1836291,1407977
1851967,1407221
1852590,1407392
1856785,1410141
1856691,1410679
1856305,1411062
1855529,1411056
1847982,1410171
1838040,1409008
1837420,1408993
1836720,1409063
1831228,1409975
1830682,1410200
1830293,1410580
1830217,1411272
1830344,1411883
1832364,1419754
1833971,1424993
1834413,1426076
1835163,1426862
1836538,1427888
1847625,1433198
1850301,1434393
1858371,1437220
1859665,1437296
1863244,1439971
1872571,1445501
1872942,1445892
1872935,1446506
1872615,1446969
1872223,1447354
1871674,1447584
1871132,1447780
1870594,1447846
1869897,1447757
1868290,1447052
1867379,1446436
1865630,1444992
1864879,1444241
1864027,1443513
1861979,1442109
1861525,1441799
1860980,1441545
1835378,1432526
1834831,1432461
1834212,1432606
1830612,1434988
1830882,1441533
1830955,1442221
1831097,1442831
1831314,1443389
1831607,1443834
1832374,1444618
1835634,1447515
1836085,1447826
1837232,1448233
1839323,1448032
1841819,1446843
1842662,1446298
1843417,1445678
1844539,1444951
1845148,1444634
1849924,1442514
1851634,1441948
1852254,1441800
1852707,1442110
1852615,1442807
1852381,1443343
1852058,1443806
1851660,1444157
1851126,1444381
1847808,1447108
1847436,1447195
1846964,1447172
1846356,1447489
1846120,1447718
1845743,1448270
1845455,1448896
1844870,1450190
1843577,1455573
1844248,1457181
1850126,1468255
1851026,1469649
1851397,1470043
1851859,1470384
1853552,1471013
1856905,1471247
1857375,1471252
1864351,1471181
1865054,1471142
1871206,1467931
1873422,1465500
1873656,1464961
1873134,1468207
1864961,1475568
1862154,1476069
1860863,1475951
1859985,1475985
1859609,1476075
1852813,1477609
1851647,1477979
1851244,1478331
1850513,1480556
1850175,1481791
1850077,1482488
1851283,1488241
1853165,1490978
1856596,1492966
1857120,1493196
1859135,1493076
1859592,1493386
1860669,1493871
1863413,1494989
1865175,1495568
1866405,1495888
1866946,1495663
1867352,1495309
1867662,1494850
1868142,1493772
1868483,1492566
1871996,1487068
1872305,1486608
1872924,1486492
1874772,1486982
1875298,1487210
1875757,1487516
1875994,1488071
1875900,1488769
1875068,1491509
1876926,1495308
1891402,1497252
1893929,1494222
1894193,1492934
1894431,1492392
1895630,1490488
1895938,1490028
1896270,1489591
1896723,1489578
1897164,1490661
1900848,1499970
1901274,1501058
1901563,1502308
1901480,1502972
1901227,1503517
1900774,1503822
1900063,1503867
1897222,1503756
1896599,1503586
1897047,1507663
1904609,1515962
1910420,1518693
1913636,1520124
1918398,1521624
1921021,1522135
1923099,1522232
1923561,1522084
1924874,1518112
1926038,1514756
1926273,1514213
1926670,1513823
1927927,1512765
1928407,1512484
1929023,1512329
1929632,1512499
1929861,1513055
1929691,1513647
1927732,1518559
1925491,1522218
1923580,1524952
1922772,1526474
1923076,1534719
1923141,1535413
1923724,1536333
1924810,1536838
1926024,1537150
1927428,1537349
1930945,1537270
1932590,1536327
1934904,1533830
1937052,1531852
1938162,1531946
1937967,1533274
1937189,1535442
1937184,1537416
1937900,1542620
1938631,1544269
1939396,1545046
1951193,1553284
1959702,1556297
1961250,1556323
1961943,1556437
1964707,1557413
1966759,1559541
1967113,1560710
1967776,1562320
1968291,1563353
1968592,1563826
1971133,1567413
1972121,1568746
1972862,1569526
1973547,1570160
1974399,1570394
1978956,1570580
1982802,1571497
1972540,1577632
1972071,1577914
1972049,1578534
1974031,1587214
1974824,1589470
1975055,1590026
1975565,1591027
1977048,1593367
1977583,1594394
1977790,1594923
1977936,1595566
1978556,1599193
1978536,1599974
1978213,1600412
1977276,1601007
1976645,1601168
1974640,1601419
1973686,1602017
1972654,1603314
1972411,1603860
1972252,1604450
1973683,1612752
1976223,1616828
1973753,1619296
1972669,1619764
1969552,1620903
1969085,1621214
1968840,1621760
1966783,1630642
1973159,1641903
1974063,1643325
1974736,1644190
1976021,1645225
1977393,1646173
1979006,1646899
1980226,1647239
1982383,1647439
1983692,1647691
1985830,1648671
1990500,1650885
1990897,1650493
1991918,1646352
1994459,1633893
1994908,1630574
1994841,1613755
1994623,1613196
1994085,1612946
1993476,1612779
1990012,1612342
1988525,1612368
1987356,1612571
1986680,1612485
1986219,1612182
1984397,1610901
1985344,1609687
1989121,1606680
1990226,1606234
1992309,1606054
1992856,1605848
1993661,1605089
1994052,1604697
2003411,1594714
2006896,1591077
2010762,1587528
2011050,1588004
2013712,1590773
2014167,1590912
2016282,1589963
2016752,1589676
2022362,1582865
2022554,1582599
2024047,1579900
2025269,1577370
2028144,1571527
2031382,1569190
2031695,1569137
2030389,1575343
2029428,1579203
2028604,1580244
2026833,1582474
2026647,1582758
2025817,1584598
2025798,1585052
2025982,1585334
2026804,1589728
2030924,1592913
2031370,1593216
2032366,1593794
2038746,1599034
2048474,1607366
2050951,1610274
2051177,1610831
2055104,1621578
2056127,1624392
2056688,1626875
2057103,1628748
2057802,1631943
2060504,1642536
2062924,1650797
2063805,1652967
2064242,1653760
2064625,1654145
2065155,1654392
2065787,1654253
2073137,1651639
2073597,1651350
2073844,1650828
2074238,1648049
2074723,1646971
2075113,1646572
2075590,1646279
2076204,1646143
2076830,1646330
2080196,1650881
2080029,1651351
2079252,1652117
2078143,1652552
2069251,1654975
2064424,1656080
2063953,1656070
2063588,1656169
2063256,1656298
2061221,1657015
2060443,1657778
2060118,1658223
2055692,1668188
2055275,1669341
2055100,1669940
2055086,1670723
2055356,1671951
2057100,1676330
2057706,1677273
2061046,1680152
2061507,1680485
2062817,1680426
2064533,1679869
2066722,1678989
2067659,1678380
2068467,1677642
2068711,1677088
2069226,1675257
2069469,1674704
2072119,1671060
2072646,1671144
2078147,1671346
2083550,1659576
2083899,1658340
2084077,1656954
2084098,1653167
2084607,1651300
2086415,1646856
2087161,1645247
2087561,1644876
2088097,1644662
2088716,1644817
2088945,1645373
2088754,1646764
2086329,1657150
2085980,1658388
2079991,1671951
2074170,1674736
2072305,1675468
2071849,1675786
2065176,1682266
2064428,1683865
2064141,1689436
2064294,1690078
2064661,1690469
2066056,1690649
2069873,1692684
2070394,1693715
2071257,1695890
2072794,1702602
2072975,1704472
2073985,1707259
2074432,1708375
2075024,1709324
2076519,1710972
2077904,1711935
2079737,1712452
2081217,1712574
2081917,1712516
2083000,1712063
2083407,1711693
2083721,1711250
2085781,1705615
2085789,1705144
2085755,1704723
2085666,1704357
2085542,1704019
2085609,1701461
2085015,1700515
2084620,1700101
2083954,1699174
2083519,1698054
2081973,1691995
2081818,1691353
2081619,1690201
2081727,1689489
2082039,1689045
2082503,1689376
2082870,1689764
2083779,1691180
2087843,1701735
2088883,1706370
2088409,1706831
2088257,1707146
2088292,1707567
2089253,1709918
2089719,1710248
2090255,1710493
2090936,1710569
2091574,1710428
2097293,1704864
2101370,1699607
2107201,1689845
2107769,1688840
2110660,1679157
2111561,1673910
2112106,1670492
2113346,1661618
2113789,1656200
2114836,1651884
2115578,1649485
2115900,1649035
2119181,1642153
2119423,1641626
2119208,1641065
2112842,1631918
2101898,1616024
2093438,1593351
2093301,1592737
2094060,1587032
2094291,1586477
2095404,1585277
2096048,1584375
2098020,1576130
2098287,1574811
2098430,1573721
2098425,1573627
2094912,1561222
2094818,1561020
2090885,1556290
2087453,1552268
2079762,1557723
2070447,1556399
2062930,1548815
2061173,1545914
2059665,1545847
2056539,1545903
2054735,1545981
2050442,1546163
2042768,1540433
2039805,1538026
2038289,1536913
2033638,1537214
2028996,1537539
2020372,1538062
2019266,1537711
2015320,1536371
2013883,1535524
2012349,1534703
2009298,1533118
2008130,1532653
2003168,1530701
2001418,1530065
1985349,1524205
1984087,1523888
1982784,1524102
1980875,1524732
1968734,1528741
1968194,1528655
1967815,1528299
1962708,1515865
1960472,1508610
1960327,1507288
1960220,1507089
1943870,1503499
1943782,1500385
1943726,1492705
1943737,1486493
1943630,1483804
1931221,1483290
1925079,1483006
1923767,1482821
1924074,1481322
1925795,1473620
1926263,1472145
1927096,1468445
1915404,1454001
1914033,1452443
1913239,1451643
1907459,1446612
1905798,1445189
1904144,1443797
1903299,1443138
1893509,1432909
1882289,1421062
1881559,1420276
1880865,1419416
1879583,1417574
1878704,1416244
1878150,1415189
1877999,1414647
1876976,1413288
1876392,1412531
1875700,1411671
1871319,1406855
1870594,1406067
1866734,1402153
1865993,1401433
1863890,1399630
1861640,1398055
1858687,1395623
1857859,1394890
1857118,1394170
1856704,1393724
1855622,1392507
1854094,1390432
1853275,1388958
1852073,1386323
1851624,1385242
1851132,1384204
1848509,1379919
1844682,1376182
1843875,1375445
1842606,1374336
1840928,1373005
1835539,1368997
1831758,1367204
1825701,1359463
1825880,1354764
1826777,1353186
1823133,1348610
1813958,1342827
1800844,1332438
1795040,1326258
1793571,1324741
1776672,1319158
1767427,1316238
1766483,1315875
1760796,1310347
1760364,1309900
1759768,1309011
1759631,1308403
1759123,1304392
1754153,1296523
1753556,1295635
1748058,1289450
1747627,1289067
1746690,1288477
1743501,1289348
1741616,1289958
1735527,1284981
1734001,1283625
1733448,1282087
1732040,1279108
1729017,1278973
1716345,1278319
1705048,1263882
1705299,1261789
1705900,1260129
1707008,1258871
1707493,1258639
1707949,1258190
1707478,1255103
1706647,1250499
1706040,1247536
1700166,1242616
1698878,1242860
1698159,1242887
1696864,1242653
1695340,1241863
1684450,1233885
1675103,1227219
1673487,1228479
1657903,1241797
1651720,1247209
1645180,1249851
1642557,1251039
1640485,1252021
1637983,1253340
1632839,1257425
1631189,1258856
1631097,1259128
1634140,1260470
1637920,1262267
1638982,1266119
1636744,1272236
1636463,1272862
1632849,1275689
1627332,1274790
1628478,1280909
1629460,1285505
1630935,1293178
1631196,1294617
1630759,1297838
1630376,1299306
1627976,1306990
1627015,1309803
1625432,1309945
1619296,1311039
1614255,1311983
1610443,1316489
1607864,1319528
1606515,1321041
1603344,1323995
1592355,1334109
1590145,1336337
1589292,1337500
1588190,1339465
1585848,1344113
1584556,1345953
1584199,1346331
1583276,1346935
1582131,1347295
1581396,1347298
1580789,1347183
1580291,1346955
1579871,1346523
1579606,1346127
1579362,1345570
1579141,1344220
1579129,1343497
1579202,1341210
1579386,1339094
1579543,1337298
1577599,1332714
1573017,1321962
1570993,1317329
1568601,1311876
1547377,1296285
1533708,1286259
1521541,1277340
1509359,1268524
1506285,1266313
1501242,1262368
1498940,1259179
1498364,1258234
1497615,1256716
1497385,1256156
1497030,1255016
1496321,1252645
1494774,1248361
1477927,1242883
1473406,1241440
1468872,1237168
1465901,1234352
1464071,1232524
1464125,1231009
1464822,1224937
1465352,1220397
1465588,1218854
1466610,1209683
1466831,1204811
1466519,1203289
1466292,1202412
1441690,1206941
1433140,1208650
1428687,1214710
1424232,1220762
1422031,1223734
1418885,1227901
1417350,1227425
1391124,1217907
1390341,1220920
1389558,1223963
1389257,1225474
1388511,1228105
1364056,1222708
1361224,1221996
1360136,1215443
1359659,1211815
1352404,1152684
1351872,1149000
1327506,953274
1322325,912635
1312016,831478
1310214,816670
1306922,790829
1293619,687513
1293221,683812
1292272,676429
1285539,624766
1279814,580476
1274084,536188
1271718,517698
1268853,495587
1265915,473419
1262528,447653
1259221,421813
1256341,399640
1254328,384921
1251422,362782
1248993,344303
1244633,311094
1238344,263186
1231512,211504
1230037,200468
1228337,188288
1222065,185628
1218529,184585
1217933,184443
1217258,184341
1215975,184412
1215602,184803
1215746,185254
1218452,185594
1219511,186052
1219660,186532
1218533,190461
1217408,190856
1215978,190912
1214629,190740
1214022,190598
1213501,190352
1211690,189110
1211315,188721
1210640,187836
1210191,186768
1208990,184887
1208318,184032
1206812,182470
1205463,181544
1199454,177623
1198481,177085
1196377,176120
1192542,175548
1189920,175918
1186392,173958
1186242,173318
1185941,172852
1184818,171703
1183472,170766
1182948,170514
1182351,170364
1180912,170403
1179114,170857
1178594,171102
1178218,171487
1177537,171564
1176936,171381
1172592,167183
1170195,164205
1165851,159685
1160690,154345
1150955,148841
1150431,148613
1145415,148152
1137923,146083
1135379,145424
1134933,145746
1134706,146266
1134707,147044
1135072,150558
1130653,148264
1126528,148613
1123761,149892
1123230,150126
1121505,150652
1120760,150626
1119633,150228
1118740,149591
1118368,149218
1106888,151720
1106065,152409
1103881,154487
1103578,154945
1103427,155579
1103203,156094
1102903,156587
1102449,156871
1101253,157185
1095996,157723
1094509,157715
1093905,157884
1089922,160702
1089536,161074
1089240,161532
1089015,162076
1087803,163937
1087051,164708
1086147,165302
1085093,165752
1083890,166056
1082548,166183
1075960,165434
1073243,167265
1072051,166322
1071157,165697
1070630,165453
1070034,165276
1063678,164134
1054705,160311
1047771,156182
1044349,153428
1041900,151328
1039662,148966
1035844,149136
1033603,149437
1032922,149503
1032173,149510
1029178,149287
1028512,149226
1028064,148907
1027767,148425
1027024,147655
1025979,147177
1025383,147020
1022172,146580
1014700,145547
1011632,145366
1003235,147125
995281,149179
994829,149504
993409,149552
988770,149640
988022,149632
987417,149466
987048,149075
984013,146470
981473,145830
975643,145429
970178,145285
968085,145117
967117,144549
965265,143350
963218,138684
953059,131929
951882,130056
951141,129263
950543,129117
947714,128756
946202,129520
945831,129896
945525,130365
945058,131455
944455,132361
943321,133520
942409,134121
941889,134343
937559,133831
937200,132345
937363,131724
937439,131012
937453,130236
937310,129620
936873,128540
936293,127583
933710,124848
930817,123165
930296,122919
929703,122768
928362,122590
927230,122967
925953,123191
925204,123161
918829,119648
917137,117541
916773,117138
916328,116828
912032,114285
906589,113339
905313,114169
905010,114632
904250,115403
901064,113246
898321,111894
886082,111391
885481,111383
885103,111781
884490,112702
882978,114230
882599,114598
876843,119864
876239,120009
869499,120995
866133,121017
866531,119880
867556,116244
867714,115628
867730,114854
867515,114291
867076,113972
861725,112021
858740,111823
857996,111804
852242,112113
843343,116463
837573,118008
837117,118302
836729,118690
836432,119144
835957,120245
835871,120923
835854,121697
836276,123572
837126,125772
836608,126003
835330,126205
834807,125970
834446,125553
833436,123531
831235,121156
830353,120535
829310,120062
826046,118756
824335,118161
821291,117415
820619,117326
816288,117107
814045,117070
812916,117453
810899,117483
807775,116965
807486,116486
807657,115097
808124,114003
809944,112816
810472,112594
814079,111705
815204,111352
815503,111118
817051,104704
816756,104381
807519,102898
806850,102805
806177,102866
805727,103186
805105,104086
804724,104469
803384,104621
798673,104751
794057,104071
788891,104530
788440,104815
787840,104812
787250,104655
784424,103808
783986,103503
783770,102963
783784,102188
784169,101805
784621,101491
787112,100208
787936,99851
788690,99863
789281,100021
791810,100752
795522,101606
802967,102829
803643,102740
804090,102452
804396,102125
804560,101513
804427,100886
804054,100496
803615,100195
802502,99767
801245,99516
800493,99510
799145,99656
798479,99560
793878,98229
793356,97982
792472,97345
791373,96166
789916,94595
789343,93632
789203,93003
789138,92316
788974,89422
789155,88036
794418,82308
800594,75562
800602,75408
800386,74837
799749,73190
799382,72799
798508,72163
794908,69612
792909,68571
791286,67921
790179,67517
788989,67169
786618,66503
785284,66330
782375,66344
781851,66592
781615,67137
781658,71950
774525,63868
766624,60552
765364,60280
764613,60259
763871,60270
763271,60414
762214,60870
760860,61768
759713,62898
759264,63208
758728,63450
758203,63661
754097,64140
750892,63840
749716,63504
745924,62749
741007,62487
740262,62491
739069,62768
738303,63546
737992,63989
737043,66150
736739,66622
735661,67841
735279,68244
730308,73214
728949,74125
727824,74465
727156,74378
726043,73972
725674,73723
725541,73121
725848,72650
726089,72110
726024,71421
725895,70788
725609,70297
724516,69112
724083,68794
722610,67981
721421,67659
720078,67479
715374,67927
714628,67923
713363,67652
712843,67418
712559,66956
711145,60910
712120,57764
712429,57295
715315,49249
715485,48611
715579,47904
715309,46665
715095,46115
714814,45655
708252,37007
704728,34925
703266,34096
702675,33946
702105,34531
702032,34530
701760,34708
701747,35081
701784,35515
701863,35878
701697,36901
701520,38285
700542,44107
700378,44746
698938,45568
698339,45571
697904,45247
697620,44751
697718,44076
697956,43508
698338,43141
698793,42844
699558,42079
700028,41005
700418,33549
700340,33167
700216,32836
699726,30133
699284,29808
698758,30036
694952,33080
692127,35626
691361,36389
691758,37714
691882,38044
692054,38324
692271,38570
692832,39376
693843,41194
694259,42295
694527,43538
694482,45091
694226,46405
693678,47409
693147,47636
692554,47481
692119,47156
691832,46692
691624,46140
691487,45501
690450,44161
690373,43779
690201,43499
686806,45109
686423,45473
680647,52065
680487,52702
680391,53408
676585,61883
675241,61706
666795,62389
666266,62610
665799,62933
665420,63294
664946,64397
664848,65072
664832,65850
665091,67096
665165,67136
665309,67433
665436,68040
665489,68763
665253,69298
664798,69590
663210,70252
662469,70260
662803,63402
662904,62695
663066,62090
663301,61556
664222,60943
664605,60550
664840,60016
664857,59238
663949,54389
663665,53921
661490,51704
660900,51510
660227,51588
658418,52031
657163,51758
656955,51360
657265,50897
660751,46311
661422,46233
664407,46141
665820,46242
667755,46587
668423,46537
670221,46116
670758,45865
674163,44152
681770,35657
682013,35093
682505,33244
682394,31830
681498,26680
681233,25404
680144,24225
679715,23899
675819,21721
675314,21478
674136,21129
672712,21186
669953,21374
667560,21788
665594,20248
665632,19660
665547,19088
664085,15859
663718,15473
662841,14808
661014,13623
659110,12491
658531,12298
657938,12133
655918,12327
652499,12285
652058,11949
649081,6898
647807,2268
647759,1699
648401,0
644158,2558
641871,4078
640652,5143
638350,7441
631550,15278
630551,16586
629611,17962
629364,18523
627878,20891
625928,23666
622964,27834
621578,29524
620878,30338
619335,31880
611142,38952
608151,41318
599146,47521
598229,48111
594472,50072
590575,51626
588092,52105
587424,52162
583764,52018
581089,51644
576866,50525
574800,49544
571524,49315
569808,51496
566841,53130
565627,53408
564216,53435
563535,53357
558585,51772
555707,50830
552991,51421
548204,53706
543001,59124
540777,56355
537142,51197
536294,49791
536382,49460
540793,47386
541924,47012
543349,46973
546102,47280
547457,47161
547911,46860
548300,46454
548323,45702
547938,43812
547744,43246
547298,42951
546629,42995
545562,43444
544958,43592
541379,43361
540717,43248
540348,42869
540522,42394
541430,41796
541964,41573
543172,41276
545128,41011
546619,41042
547815,40929
548278,40630
548526,40074
547934,39912
543108,41044
534489,43649
530242,45364
528652,46029
528264,46402
521641,53639
517293,55947
516306,56493
513083,58587
509546,61158
509163,61529
508850,61978
508601,62530
508428,63129
508399,63913
508463,64304
511677,62213
512209,61995
513494,61786
514246,61796
515125,62144
515572,62449
516132,63401
517642,67174
517693,67878
517498,69261
517446,70830
517489,71531
517618,72153
519805,78281
520004,78823
520451,79154
522995,78747
523354,78678
523594,78436
523737,78121
523841,77742
527126,76800
536539,77354
537129,77517
537497,77894
536652,78601
532778,79984
526772,80456
522807,82035
521305,82361
519245,81367
518808,81037
518444,80657
516987,79546
514582,84128
514335,84683
512844,88671
512677,89303
512114,103204
508703,91235
508833,85390
509415,79596
506398,79988
504315,79764
503724,79591
502848,78955
502791,78409
503248,78113
506171,78118
507440,78224
507974,78007
513006,75325
513475,75002
514031,74029
514278,73475
514377,72926
515074,68036
515022,67331
514816,66790
506467,65672
499856,70344
499005,71005
498158,71700
492669,76159
480503,84884
479505,85480
476136,87413
475136,87945
474072,88368
462733,92531
460984,93033
457351,93878
456002,93982
450990,93329
446614,91880
445934,91800
444800,92134
442452,93926
438183,96985
436914,98488
434423,100129
425278,99426
424764,99155
424785,98714
425173,98322
426867,97134
427334,96822
428721,95948
429256,95713
429935,95669
430455,95909
430893,96225
431740,97647
432178,97965
433283,98393
434716,98350
436031,94977
440203,90929
440350,90598
440362,90238
440239,89907
438312,83042
437796,82806
437122,82693
434985,83569
434522,83883
433669,84556
432894,85311
432177,86141
431471,86973
431154,87445
429958,89348
429710,89898
428674,91200
427500,92342
422219,97008
419971,98581
418119,99763
415348,101569
414949,101957
408231,110392
407880,111618
407459,112768
406893,113787
406332,114775
406015,115213
405298,116070
402563,118705
397902,122460
393406,125610
389922,127999
384402,132433
384010,132789
381810,135213
380529,137055
380357,137653
380716,138056
381911,138397
382429,138645
382862,138968
383223,139371
383426,139928
383226,141319
382984,141838
382664,142307
382023,143210
381313,144068
380629,144100
380111,143851
379674,143527
374787,154801
374584,156192
373506,160664
373081,161810
368008,174287
365767,177499
360966,182692
360497,182997
359894,182822
359995,182302
360309,181834
360705,181449
361349,180545
367474,170331
367499,169698
366897,169684
366431,169990
365468,171360
364167,173961
362674,177185
361868,178688
360207,180883
359413,181653
358485,182232
356773,183582
355599,184709
351416,189112
348820,191880
347793,193168
346684,194372
345184,195960
344795,196346
344012,197085
342767,198128
340514,199692
337714,201475
328045,207009
323889,208895
318749,210527
316450,211234
312850,212155
311484,212258
309286,212276
307857,212169
305739,211949
299791,210931
293521,210651
292144,210774
289873,210724
283659,210530
269012,209013
263507,208317
252312,205573
249187,204020
246823,202546
238941,198884
236088,197871
234890,197527
234216,197431
233747,197718
233340,198119
233020,198578
232847,199177
232610,201345
232452,205190
232409,205988
232285,207442
232183,208125
231899,209438
231366,211293
231183,211888
229121,217716
224195,230787
222906,232590
218885,237882
213454,243842
213547,245893
204911,250661
204224,250752
202858,250546
199937,249590
198002,248465
196817,247563
196607,247175
207603,245509
210719,244831
209955,244787
196677,246873
193395,247684
193592,248230
194561,248811
196207,249494
199220,250353
200259,250854
201672,251725
208279,255894
209970,257263
211145,258382
212678,259894
213043,260291
213989,261632
215131,263516
217704,267753
218556,269194
219336,270679
220173,272859
220298,273478
220436,275589
220682,277277
220935,278515
221423,279558
222861,281906
223801,283238
224526,284055
224887,284448
226143,285480
227120,286042
229732,287288
231148,288099
234055,289808
234934,290469
236197,291494
238707,293571
241628,296757
242647,298033
243298,298887
245463,302052
246333,303448
247246,305403
250521,311307
259546,327145
260992,329485
260787,328725
260656,328110
260673,327342
260861,326716
261536,326529
262877,327561
263250,327948
263532,328406
267554,337480
269023,341070
275050,349473
277097,352011
280090,355872
281246,357763
281868,359392
283189,363344
283870,365691
284534,368772
284969,371377
285164,372645
286964,387180
286994,388629
286794,394793
286544,397708
286342,399005
285870,401773
285511,403767
285172,404965
284915,405511
284228,407939
284028,409331
283805,411484
283590,413611
283860,414862
284433,415799
284807,416211
285621,416918
286960,417880
294990,422158
303232,426333
304294,426803
307811,428670
311836,431544
312894,432041
315458,432657
321648,432275
323482,431859
324251,431873
324921,431991
325907,432531
326837,434491
326969,435126
326798,435725
326558,436244
326837,436721
327581,437523
328026,437813
331359,438680
331967,438687
332357,438327
336824,433752
340780,429101
341100,428660
342703,426368
342941,425847
342879,425166
342597,424692
341620,424127
341013,423963
340722,423708
341944,423435
342633,423394
343241,423558
344285,424041
344656,424439
344948,424917
344929,425516
344692,426038
343238,428458
339888,433601
339694,433883
338549,435506
337257,437456
335574,440118
335475,440797
335536,441480
335831,441958
336350,442199
344862,440421
360942,440223
362304,440412
362908,440601
364405,441390
369254,444967
370147,445627
375118,449819
375864,450604
376153,451074
376364,451624
376427,452304
376231,453691
376061,454290
375520,454497
374762,454502
374075,454393
372865,454051
371817,453584
370920,452925
370186,452138
369572,451981
366513,452652
366049,452970
361719,457688
355645,467821
353593,475586
354049,478158
354267,478680
356062,482197
359182,488176
366226,500400
366761,500635
367283,500741
371680,501625
374346,502062
375025,502008
376257,501715
377801,501007
378262,500719
378655,500322
378970,499878
379212,499355
379236,498597
379187,497892
379199,497134
379374,496504
381841,492810
382614,492075
383550,491468
384699,491124
393010,490941
393771,490961
396511,491330
397104,491507
398165,491995
399057,492640
400255,493723
401413,495618
401852,496683
402117,497935
402544,498995
402839,499494
403207,499880
404109,500493
408923,502628
409525,502772
410142,502633
410537,502264
410846,501817
411009,501215
411114,500509
411351,499984
411672,499539
412597,498952
419867,497669
420555,497606
421162,497779
422898,498349
423876,498906
422828,512319
422743,512997
420742,522673
420565,523303
419430,525874
418972,526170
418351,526311
417594,526299
405550,526297
400747,526348
399409,525371
398960,525064
397588,524869
396060,524832
394774,524588
394173,524411
393269,523765
392898,523378
388779,517622
386097,512703
385886,512155
384872,510154
380346,502683
379739,502498
379060,502554
377900,502927
375792,504630
375009,505393
374159,506049
372285,507451
366987,508924
366371,509085
361415,509318
360721,509242
360197,509008
359080,507827
352572,500584
351554,499324
349791,496545
348730,493814
344272,481660
344210,480946
344399,479874
345080,477445
345481,476321
345736,475773
345764,465722
341345,448568
341066,447618
340855,447094
340560,446616
340038,446375
339718,446816
331572,449077
327692,449048
327008,449087
326388,449237
325993,449595
325746,450146
325240,451978
325050,453337
325106,454049
327499,468399
327711,468924
328079,469322
328604,469565
332846,470776
336004,472225
336977,472786
338320,473743
339055,474537
340514,476886
348020,494428
348239,494950
348806,496656
349068,497885
349398,499828
349434,501297
349149,503334
348543,505873
348040,507675
347302,509267
345792,511619
344525,513420
344125,513812
343493,514697
342928,515690
342364,516682
341876,517724
341712,518325
342459,524644
342664,525194
343729,525669
344478,525700
344946,525415
345201,524865
345211,524265
345074,523633
344378,521328
346537,514951
353237,512719
353922,512670
361498,514409
362718,514720
363684,515295
372231,520653
377410,523988
378671,525026
378893,525576
381868,533911
382287,535763
382263,536552
382170,537231
381401,540340
381227,540970
380254,543094
377702,547472
377385,547917
376992,548286
375588,549182
374367,549450
372848,549407
371709,548995
371497,548447
371660,548004
372277,547871
374168,548304
374790,548140
375108,547694
376578,543899
378577,537514
378666,536992
378310,536131
377860,535823
377257,535642
376643,535775
376104,535986
375706,536383
374776,536960
373541,537255
372779,537232
370725,536954
370121,536772
368540,536046
368089,535736
367276,535003
366987,534533
366337,532915
366219,531527
366537,531084
366930,530718
365191,530277
361314,529498
359944,529315
359268,529370
357253,530482
356786,530769
356467,531213
355424,533252
353734,536208
351169,540600
350860,541044
349755,542246
347021,544859
344665,547103
339887,554496
339480,555460
340002,558869
338342,558208
336644,555791
337212,554797
337377,554196
337238,553563
336085,551102
334307,549047
331781,546449
331182,546291
327914,545504
324465,545821
322844,546459
319850,547216
318553,547414
317327,547403
316559,547365
315959,547204
308483,543856
303059,538423
300829,536238
299546,535792
289073,535759
284254,536161
283491,536148
282202,535884
278183,534477
277658,534227
276308,533276
274824,531687
270351,530737
266067,530465
261788,530507
260500,530234
258172,528719
257355,528010
254759,525243
253874,523847
253673,523285
253535,522676
252595,518348
252612,517583
250898,513549
248921,513483
245719,512957
241158,512059
240627,511801
240254,511420
240352,510866
240828,510566
245118,509924
248171,509871
250238,510152
251539,509955
252467,509380
256779,506037
257168,505651
257339,505052
257358,502047
257045,499664
257062,498900
258478,492645
260558,489307
261199,488405
261592,488051
262062,487750
263143,487306
264616,486507
265015,486123
266035,484865
266850,483333
267350,482268
267759,481149
267855,480436
267902,478912
267899,476542
267778,475456
267405,475046
266955,474746
265906,474236
264173,473656
263475,473581
262426,473071
261978,472769
261607,472358
261557,471674
261874,471367
265445,471563
266512,472045
271435,475567
273550,476521
274239,476623
274770,476428
274561,475866
274262,475410
273519,474624
272714,473889
271893,473180
269129,471331
266495,470120
262485,468697
252541,466960
246764,466036
243947,465715
243181,465715
241042,465787
227085,467248
226944,467780
226678,468237
225196,469110
210502,476911
207980,474543
206636,473577
205509,473150
204739,473139
197161,473155
190245,474265
181448,476466
175791,479118
174774,479646
173365,480519
172503,481188
170782,482524
169598,483651
168880,484455
168167,485294
167204,486646
166953,487319
167010,488016
167139,488633
167439,489105
167802,489494
168932,489936
171445,490530
172501,491015
173848,491999
175774,493883
176150,494276
180955,499423
181249,499889
181467,500432
181603,501049
181280,501511
170582,503127
169813,503110
167758,502806
166626,502397
156145,497388
155247,496749
152940,494450
152653,493979
152513,493356
152833,493058
153443,492938
153978,493186
155247,494222
155701,494381
155560,493760
155359,493218
154771,492275
154108,491410
153070,490308
151270,489023
150144,488607
149449,488508
148772,488543
147522,488836
132304,493208
131138,493553
126563,495053
114896,500453
111777,501909
111463,502206
112054,503128
112786,503930
114035,505730
114619,506682
114598,507294
114130,507578
111024,508877
105110,511330
101331,512030
99794,511994
99111,511825
98129,511270
97681,510941
97308,510536
96720,509610
95342,507176
95135,506625
95003,505998
87479,508555
84211,509814
83055,510179
79753,512537
79359,512906
79032,513361
79010,514138
79149,514734
79356,515287
79651,515770
80087,516098
80622,516325
81311,516438
81685,516846
81591,517372
80974,519894
80578,520264
79564,520769
77490,520921
62718,521640
55807,523806
54572,524075
53802,524030
53189,523870
52831,523464
52617,522939
52635,522322
52729,521632
52980,521089
54259,519295
55450,518163
56403,517579
57634,517308
59632,517081
60807,516726
64073,515453
66068,512964
65767,512806
63470,512714
62783,512761
61532,513059
55545,515409
54538,515911
53585,516497
52259,517457
50986,518497
50268,519318
50142,519584
50025,519832
49853,520465
49582,521755
49553,522532
49716,527006
49826,528382
50335,529393
51067,530212
51515,530516
53645,531509
54620,532076
56339,533430
58278,535437
62868,540809
66613,546205
66913,546690
67033,547315
67132,549304
67421,549783
71720,554680
72100,555089
73906,556351
79042,558971
82310,560078
88508,563253
89488,563836
92492,566219
94508,568045
96975,570197
98319,571174
99380,571678
102115,572828
102350,572766
101473,571342
100935,571090
99561,570918
98423,570488
97975,570163
94757,567240
94387,566839
94169,566287
94793,566145
95483,566249
99265,567971
100325,568476
107672,571997
123460,582909
124816,583872
126085,584907
126834,585668
130046,590933
130261,591478
130333,592147
130158,592778
129684,593068
126706,592303
125731,591708
125366,591314
124690,590478
124401,590007
124023,589609
123137,588941
116788,585403
116171,585521
110591,587505
110107,587820
109794,588250
109543,588795
109456,589485
109851,591349
109834,592123
109735,592810
109493,593324
108849,594244
108465,594589
104756,597781
104277,598165
103123,598518
100821,598441
97372,597969
94319,597119
92730,596368
91837,595718
87717,592144
87419,591665
87354,590996
87458,590312
87913,587777
88435,585947
88854,584800
90132,582995
91241,581954
93591,580493
94774,579375
95028,578831
95120,578142
94836,577669
94292,577575
93749,577808
91865,578979
91470,579352
89960,580929
89261,581732
88681,582732
88122,583707
87876,584221
87040,586513
86692,587746
86645,589261
86811,591357
87139,593277
87627,595078
87978,596220
88833,598420
89338,599413
90080,600213
92267,601888
93010,602688
93516,603550
93949,604616
94008,605316
93960,606860
93619,608093
93303,608521
92949,609752
92859,610442
92918,611141
93506,612058
98704,618354
99312,618397
99635,617935
100158,618181
100537,618584
103255,622729
104013,626185
103835,626816
101461,632047
100256,633914
98245,634187
97702,634389
97306,634763
96983,635222
96739,635738
94589,641066
94492,641751
94557,642451
94916,645830
95939,650855
96278,652020
96937,653632
97817,655048
101988,660073
103105,661261
103935,661977
105284,662934
106719,663884
119377,670693
127098,674591
133322,677679
134836,678468
139150,681129
141028,682335
143367,683854
144287,684481
146094,685760
149022,688232
152107,690545
153465,691478
153994,691744
159871,692899
162105,693020
164795,692709
166028,692443
166818,691679
164586,691786
163428,692135
162748,692187
160515,692065
159909,691879
159460,691571
158571,686870
158815,686353
160739,683339
161212,683171
172395,686789
173230,687482
174165,688012
174111,688327
177030,688662
179274,687875
187321,685350
189183,684911
189873,684856
191402,684914
192702,685233
193231,685490
200288,688657
205144,690795
205670,691018
206436,691042
207061,690904
208761,690478
210913,689937
213069,689845
214513,689964
221418,692974
224079,694174
226040,695305
229126,697591
231748,700340
237248,707068
237464,707627
237592,708999
237569,709758
237698,711129
237967,712373
238888,715233
239113,715763
239403,716242
239788,716617
240312,716864
241766,716843
242392,716697
242851,716385
248623,709105
249531,706468
249327,705912
247417,705483
246953,705473
245867,705897
245101,705883
243970,705468
243586,705093
238888,699842
237844,698582
236149,695859
236966,694036
239068,692346
241874,690561
243745,689392
244281,689196
244978,689258
246731,689850
254135,703514
256985,709024
257413,719829
257397,720591
256826,728750
258442,728246
265578,724773
267788,718792
267953,718158
268074,716719
268087,715959
268181,715278
268346,714645
268912,713686
269864,712331
270567,711497
271361,710746
272679,709790
274552,708606
275552,708089
276569,707576
280896,705769
290216,700661
290450,700138
290703,699587
291015,699145
292189,698026
293443,696988
297643,694024
298262,694058
299316,694533
299767,694849
300897,696006
301414,696273
302031,696433
303322,696701
306075,696922
307537,696875
308155,696716
308622,696432
313524,692961
313534,692646
312912,692644
311692,692903
310068,693555
309130,694156
308277,694805
307882,695200
306950,695770
306178,695769
305727,695453
305749,694822
305992,694302
306380,693938
307784,693053
311651,690863
316764,688830
319359,689040
320234,690454
321434,691552
325052,694088
326639,694944
330861,694675
331403,694466
333418,693439
333880,693151
334198,692707
334378,691317
334551,690718
334789,690194
338502,685443
345084,679036
345464,678666
346088,678503
346849,678525
352873,679373
354860,679721
355067,680110
354136,680690
351355,682307
350738,682443
349677,681953
348477,680865
347574,680249
347039,680303
347095,680851
347532,681917
348475,683998
349214,685536
350388,687407
353970,691479
354710,692253
357585,697069
360213,705755
360204,706383
358750,712688
357548,715338
356986,716309
356434,717154
345193,726726
344728,727017
344110,727182
342726,727298
341205,727258
339820,727087
336182,726067
335117,725575
331269,723272
329911,722340
328394,720697
327811,720597
327197,720729
324781,722120
323855,722729
323468,723096
318570,732235
317424,735714
318031,735899
318506,735581
318895,735215
319136,734692
319684,733724
320014,733250
320789,732518
321798,731989
322493,731937
323947,732066
325090,732450
334430,735733
334806,736123
334488,739957
334237,740477
333850,740845
334180,743537
336885,749313
338361,751653
341577,761727
341010,763484
340672,764686
340085,767199
339997,767879
339501,772687
339216,775512
339198,776268
339376,778326
340662,786158
341347,789986
342184,793684
342860,798269
342980,799650
342943,801192
342844,802628
342205,807408
341948,808720
341132,811002
339930,813623
339367,814467
337887,816025
317323,835354
315925,836226
314834,836681
313677,837028
311224,837568
309216,837844
302306,838617
301532,838592
295563,838142
294493,837676
287871,835306
276234,834277
268707,834854
266767,835214
270273,832922
273327,830377
273412,829695
271630,826913
264840,821717
264381,821398
263163,821048
261866,820806
261107,820774
260713,821167
256433,830600
247619,840657
247242,841022
239330,848397
238066,849462
223987,858441
222111,859623
212771,865466
212152,865583
210079,865792
198856,865374
197237,862356
190759,852629
189104,850905
184961,847003
183788,841067
182881,840439
171797,833885
171257,833661
164323,831198
163550,831173
157248,831476
155861,831588
151064,832856
149973,833295
139608,839379
139142,839681
138904,840232
140254,845063
140463,845628
140849,846012
141467,846164
144463,847395
148231,849332
148540,849793
149619,852654
149557,855719
149397,856321
149073,856756
148605,857060
148155,856757
147554,855809
146504,854559
143084,852566
137671,850977
132988,850329
132213,850329
130978,850600
130429,850817
129959,851116
126818,854093
122631,859120
122308,859585
116896,868033
116661,868553
114690,874329
113877,879431
115904,889092
115942,889507
116074,889830
116300,890060
116710,890124
117090,890025
118103,889700
118672,889341
123231,888841
132827,882409
133441,882431
133910,882739
134117,883272
133796,883739
133094,884562
123846,892689
122980,893373
122040,893945
120563,894767
119547,895286
117292,895888
116218,896199
114220,896472
111500,897070
111038,897372
110645,897756
110398,898273
110393,898883
110456,899574
112294,907429
116595,911424
117403,917118
113871,920550
116815,915944
116898,915130
107331,901426
102288,899444
100532,898870
99840,898791
99143,898839
98065,899273
96116,900386
95175,900983
87359,906228
86031,907207
83043,910046
74233,918951
64235,928892
60318,931867
57037,933941
56649,934323
55144,935895
54825,936359
51075,942636
50512,943618
49306,946335
48644,948777
48618,950321
48978,955230
49098,956617
49389,957824
49906,958865
50209,959332
50773,966293
44304,965236
26616,963128
25978,963280
25899,963971
27231,970219
27371,970839
27954,973292
28176,973838
28466,974304
31182,977747
34757,980349
35210,980663
36444,980991
35650,982363
22750,983056
21284,982952
18665,982439
18443,981894
18489,979900
18569,979210
18733,978606
20919,973824
20860,973129
20150,973195
19687,973490
19199,974556
14358,985936
14186,986569
14093,987256
14315,991622
15130,997476
15272,998097
15578,998568
16184,998731
17668,998677
18275,998550
18834,998311
19055,997950
18762,997483
17768,996924
17463,996453
17321,995833
17413,995146
17738,994684
18133,994304
18754,994180
24013,993683
25387,993565
26708,993820
28551,994311
29088,994552
29545,994867
32196,997605
32570,997996
33153,999701
33701,1002947
33688,1004463
33516,1004934
31678,1007745
31291,1008095
30765,1007860
30375,1007465
28997,1007586
25817,1008197
23406,1009463
23151,1010010
22991,1010614
22901,1011301
22882,1012072
22934,1013509
23123,1015595
23470,1018274
23680,1019590
23812,1020206
24253,1021293
24564,1021763
24942,1022154
25470,1022391
26163,1022477
28705,1023082
29778,1023558
31607,1024813
35641,1027740
35939,1028206
35617,1028671
34677,1029716
33260,1031381
32945,1031815
32693,1032362
31337,1039531
31310,1041074
31533,1045973
31684,1046593
31902,1047134
33994,1050388
34370,1050808
35203,1051507
36196,1052151
39959,1053668
41649,1054328
42415,1054330
43042,1054201
43437,1053818
46508,1045289
46385,1044064
46084,1043600
45169,1042978
44867,1042515
44646,1041974
44356,1040739
44287,1040045
44303,1039435
44459,1038831
44780,1038365
45174,1037983
51096,1034761
54515,1029382
53987,1028538
53835,1027919
54011,1027288
54253,1026770
60769,1020246
61160,1019862
63589,1017708
64359,1017710
68046,1018868
72945,1012246
75827,1010723
77451,1010608
78330,1010596
86169,1005769
89638,1001710
91549,1002150
92010,1002456
92229,1002993
92570,1005518
88307,1010509
87147,1011604
81753,1015090
81216,1015150
80527,1015075
75881,1015402
74954,1015382
73840,1015625
73099,1015787
68453,1020752
65991,1020502
63710,1019542
62922,1020277
51697,1035687
46533,1039718
46220,1040153
46357,1040769
51354,1046557
51724,1046941
54178,1046236
55424,1046397
56212,1046269
56492,1046088
56680,1045826
59861,1040531
59918,1037164
61480,1040940
60570,1044058
58175,1048445
57528,1050233
56276,1050342
55905,1050441
55630,1050604
55394,1050834
55203,1051114
55146,1051564
55230,1051933
55363,1052256
56118,1056234
56712,1057155
58152,1058806
59691,1059673
60308,1059900
60771,1059919
61051,1059738
62310,1059332
62476,1058730
62482,1057959
62190,1057500
62047,1056885
62045,1056273
62284,1055753
62603,1055286
63083,1054988
63622,1054769
65170,1054801
72604,1057194
72186,1058955
69605,1060953
63510,1065584
57908,1064718
55354,1064475
53962,1064608
53349,1064744
51786,1065477
49919,1066680
49137,1067417
48962,1068048
49023,1068740
49329,1069945
50263,1072821
50876,1073749
51639,1074520
53386,1075861
53843,1076168
54455,1076354
55769,1076297
56849,1075859
58267,1074957
59119,1074302
59905,1073533
60365,1073262
61613,1072896
62380,1072894
64222,1073415
64758,1073645
77535,1079485
78445,1080123
78835,1080508
79433,1081456
79877,1082527
79863,1083294
79701,1083897
79383,1084366
79001,1084723
78520,1085023
78128,1085410
78122,1086018
78270,1086633
79301,1088649
79693,1089032
80292,1089210
86392,1089235
88550,1089432
100144,1091901
101365,1092221
104359,1093117
104275,1093802
105351,1094279
107107,1094850
111824,1094675
113562,1093197
114320,1092105
114459,1091792
114562,1091431
116656,1090220
117050,1089862
126392,1083824
127084,1083790
130156,1084620
130536,1084995
134666,1095777
134649,1096540
134341,1097013
133948,1097372
132789,1097749
128848,1098422
127463,1098555
125991,1098442
124855,1098023
123937,1097399
123179,1096617
122958,1096087
122802,1095475
122501,1095022
121901,1094853
120351,1094816
117325,1095712
115366,1096489
115133,1096723
115265,1097042
115490,1097286
116088,1097616
115593,1098328
117524,1098421
121890,1099521
122433,1099741
122970,1099992
127621,1103066
128527,1103688
133549,1107156
134310,1107934
138394,1113066
138619,1113595
138529,1114278
136763,1118546
136281,1119588
135654,1120502
134474,1121644
133543,1122234
128723,1125050
125234,1126883
121654,1128663
120491,1129007
119801,1129074
116181,1129080
114644,1129049
114097,1128828
113652,1128502
113348,1128049
112646,1124112
112569,1123423
112582,1122818
112677,1122136
114069,1116281
114400,1115045
115109,1114216
115891,1113467
116523,1112557
116998,1111515
117160,1110880
117178,1110116
117036,1109507
116814,1108976
114933,1106271
114396,1106020
110568,1104430
109872,1104332
108555,1104539
105232,1105622
104760,1105896
100166,1109722
99835,1110189
99754,1110875
99746,1111642
99649,1112324
99087,1113314
98473,1114195
97678,1114970
96602,1115390
95972,1115531
92700,1115933
91273,1115499
90630,1115578
90296,1115710
90020,1115876
86076,1118095
85685,1118483
84734,1119829
81058,1123059
80591,1123364
79973,1123505
79287,1123405
78740,1123179
78365,1122768
78226,1122157
78462,1121636
82223,1117722
83000,1116977
87297,1113159
89835,1110119
90537,1109900
92114,1109659
92298,1109394
93442,1100638
93305,1100027
92619,1099159
85197,1096040
74708,1091611
73634,1091125
72509,1089951
72052,1088876
71984,1088185
72147,1087582
72791,1086679
73813,1085387
75845,1083601
76309,1083297
77101,1082558
77034,1081868
76723,1081407
76192,1081149
75587,1081001
73498,1080715
72737,1080690
71343,1080830
70100,1081103
64672,1083303
60350,1087893
53655,1096106
53652,1096878
53561,1097563
52925,1098466
51828,1099512
50889,1100115
34952,1107541
29312,1107655
28619,1107704
25737,1109419
25278,1109721
25108,1110322
25252,1110939
26352,1114412
26959,1115340
27419,1115650
32091,1117964
33160,1118460
35073,1118878
35767,1118957
36462,1118906
36935,1118606
39033,1117653
42378,1116398
44224,1115991
45695,1115939
47075,1116122
47701,1116278
48687,1116909
48918,1117449
48902,1118217
48637,1119985
48472,1120588
44702,1124510
44312,1124863
43856,1125168
43309,1125386
42604,1125467
40614,1125100
39836,1125098
37910,1125292
37363,1125510
37270,1126195
37650,1127351
40893,1136305
41724,1137766
42402,1138643
44752,1140994
50857,1145681
53146,1147270
54291,1147677
54993,1147752
55677,1147694
58519,1148064
59889,1149778
58867,1151039
58546,1151508
58459,1152193
58907,1154036
64963,1165929
66930,1173715
67537,1174661
70420,1177912
74996,1181076
76901,1182998
78033,1184257
82265,1189986
82102,1190621
81713,1190979
80243,1191022
78165,1190697
77399,1190677
76004,1190800
75392,1190945
74918,1191251
74449,1192295
74431,1193060
74695,1195846
75096,1199977
75175,1200669
75603,1202498
76055,1203597
76659,1204539
77711,1205776
78478,1206562
79777,1207568
82831,1209139
85965,1210662
91413,1213060
96173,1214526
101084,1215828
101771,1215919
114548,1216662
118330,1216795
119783,1216764
129507,1216147
131506,1215878
133905,1215250
141955,1212616
154948,1208879
165426,1208147
167571,1208021
168810,1207737
169289,1207422
169667,1207055
170619,1205694
171171,1204727
172277,1202761
172989,1201159
176852,1189140
177179,1187936
177195,1187176
177056,1186544
176599,1185462
175621,1184147
174860,1183385
172436,1181195
172470,1178593
173584,1171667
174987,1169860
180506,1167189
183533,1164889
187967,1156870
195709,1143868
196645,1142503
197497,1141851
206303,1135508
218210,1135960
219580,1136898
214886,1141709
213961,1142285
213337,1142446
212578,1142421
210805,1142003
209902,1141536
209278,1141379
208598,1141274
207200,1141405
205574,1142125
198439,1146427
197041,1151671
190437,1160746
184037,1171988
181160,1189296
181149,1190820
181276,1192213
181567,1193416
181867,1193891
182246,1194287
182783,1194523
183324,1194443
186438,1192060
186594,1191456
189508,1186932
191705,1184361
192173,1184074
194253,1183859
194784,1184126
194774,1184726
193822,1186854
190029,1193965
186867,1199709
186633,1200234
186122,1202830
186031,1203511
186801,1208814
187019,1210097
190054,1223602
191526,1228214
194262,1236726
195701,1242881
197010,1248692
200349,1263491
203021,1270731
203179,1271333
202540,1272223
200213,1273739
199589,1273872
195575,1275342
186964,1281078
186496,1281398
186182,1281844
179452,1297019
179400,1306276
179477,1306958
180875,1310883
182149,1314115
182593,1315185
183498,1316567
184342,1317272
184870,1317502
185493,1317655
